location,date,new_diagnoses,new_diagnoses_all,new_tests,cum_diagnoses,cum_diagnoses_all,cum_deaths,new_deaths,index
QLD,2020-01-22,0,0,5,0,0,0,0,0
QLD,2020-01-23,0,0,1,0,0,0,0,1
QLD,2020-01-24,0,0,8,0,0,0,0,2
QLD,2020-01-25,0,0,7,0,0,0,0,3
QLD,2020-01-26,0,0,4,0,0,0,0,4
QLD,2020-01-27,0,0,10,0,0,0,0,5
QLD,2020-01-28,0,1,41,0,1,0,0,6
QLD,2020-01-29,0,1,70,0,2,0,0,7
QLD,2020-01-30,0,0,132,0,2,0,0,8
QLD,2020-01-31,0,0,123,0,2,0,0,9
QLD,2020-02-01,0,1,49,0,3,0,0,10
QLD,2020-02-02,0,0,20,0,3,0,0,11
QLD,2020-02-03,1,1,60,1,4,0,0,12
QLD,2020-02-04,2,2,76,3,6,0,0,13
QLD,2020-02-05,0,0,87,3,6,0,0,14
QLD,2020-02-06,0,0,55,3,6,0,0,15
QLD,2020-02-07,0,1,66,3,7,0,0,16
QLD,2020-02-08,0,0,31,3,7,0,0,17
QLD,2020-02-09,0,0,30,3,7,0,0,18
QLD,2020-02-10,0,0,100,3,7,0,0,19
QLD,2020-02-11,0,0,87,3,7,0,0,20
QLD,2020-02-12,0,1,83,3,8,0,0,21
QLD,2020-02-13,0,0,84,3,8,0,0,22
QLD,2020-02-14,0,1,91,3,9,0,0,23
QLD,2020-02-15,0,0,28,3,9,0,0,24
QLD,2020-02-16,0,1,25,3,10,0,0,25
QLD,2020-02-17,0,0,72,3,10,0,0,26
QLD,2020-02-18,0,0,110,3,10,0,0,27
QLD,2020-02-19,0,1,74,3,11,0,0,28
QLD,2020-02-20,0,2,102,3,13,0,0,29
QLD,2020-02-21,0,2,102,3,15,0,0,30
QLD,2020-02-22,0,1,47,3,16,0,0,31
QLD,2020-02-23,0,1,36,3,17,0,0,32
QLD,2020-02-24,0,0,146,3,17,0,0,33
QLD,2020-02-25,0,1,165,3,18,0,0,34
QLD,2020-02-26,0,1,214,3,19,0,0,35
QLD,2020-02-27,0,2,192,3,21,0,0,36
QLD,2020-02-28,0,0,189,3,21,0,0,37
QLD,2020-02-29,0,0,114,3,21,0,0,38
QLD,2020-03-01,0,2,125,3,23,0,0,39
QLD,2020-03-02,1,4,523,4,27,0,0,40
QLD,2020-03-03,0,2,572,4,29,0,0,41
QLD,2020-03-04,1,1,661,5,30,0,0,42
QLD,2020-03-05,0,3,759,5,33,0,0,43
QLD,2020-03-06,1,6,802,6,39,0,0,44
QLD,2020-03-07,2,7,380,8,46,0,0,45
QLD,2020-03-08,1,13,472,9,59,0,0,46
QLD,2020-03-09,3,23,2723,12,82,0,0,47
QLD,2020-03-10,1,18,2486,13,100,1,1,48
QLD,2020-03-11,4,22,2256,17,122,1,0,49
QLD,2020-03-12,10,27,3071,27,149,1,0,50
QLD,2020-03-13,6,31,4033,33,180,1,0,51
QLD,2020-03-14,6,27,1531,39,207,1,0,52
QLD,2020-03-15,9,40,1028,48,247,1,0,53
QLD,2020-03-16,10,42,4322,58,289,1,0,54
QLD,2020-03-17,17,61,2990,75,350,1,0,55
QLD,2020-03-18,12,67,2200,87,417,1,0,56
QLD,2020-03-19,8,87,1978,95,504,1,0,57
QLD,2020-03-20,12,71,1893,107,575,1,0,58
QLD,2020-03-21,10,70,1111,117,645,1,0,59
QLD,2020-03-22,15,65,945,132,710,2,1,60
QLD,2020-03-23,20,70,2304,152,780,2,0,61
QLD,2020-03-24,10,52,2175,162,832,2,0,62
QLD,2020-03-25,10,37,2225,172,869,2,0,63
QLD,2020-03-26,4,24,2945,176,893,3,1,64
QLD,2020-03-27,11,31,2617,187,924,3,0,65
QLD,2020-03-28,11,31,1426,198,955,3,0,66
QLD,2020-03-29,6,18,900,204,973,3,0,67
QLD,2020-03-30,4,14,2389,208,987,4,1,68
QLD,2020-03-31,5,14,1975,213,1001,4,0,69
QLD,2020-04-01,3,10,1750,216,1011,4,0,70
QLD,2020-04-02,4,12,1470,220,1023,5,1,71
QLD,2020-04-03,1,2,1507,221,1025,5,0,72
QLD,2020-04-04,5,7,752,226,1032,5,0,73
QLD,2020-04-05,1,4,507,227,1036,5,0,74
QLD,2020-04-06,1,1,1661,228,1037,5,0,75
QLD,2020-04-07,0,1,2815,228,1038,5,0,76
QLD,2020-04-08,1,4,2880,229,1042,5,0,77
QLD,2020-04-09,4,7,2632,233,1049,5,0,78
QLD,2020-04-10,1,1,792,234,1050,5,0,79
QLD,2020-04-11,2,2,982,236,1052,5,0,80
QLD,2020-04-12,0,0,760,236,1052,5,0,81
QLD,2020-04-13,0,3,884,236,1055,5,0,82
QLD,2020-04-14,1,2,2621,237,1057,5,0,83
QLD,2020-04-15,2,2,2449,239,1059,5,0,84
QLD,2020-04-16,0,0,2618,239,1059,5,0,85
QLD,2020-04-17,1,1,3054,240,1060,5,0,86
QLD,2020-04-18,0,0,1429,240,1060,5,0,87
QLD,2020-04-19,0,0,995,240,1060,5,0,88
QLD,2020-04-20,1,1,2658,241,1061,5,0,89
QLD,2020-04-21,0,0,2293,241,1061,5,0,90
QLD,2020-04-22,0,0,2512,241,1061,5,0,91
QLD,2020-04-23,0,1,2068,241,1062,5,0,92
QLD,2020-04-24,0,0,2032,241,1062,5,0,93
QLD,2020-04-25,0,0,1098,241,1062,5,0,94
QLD,2020-04-26,0,1,1044,241,1063,5,0,95
QLD,2020-04-27,0,0,3274,241,1063,5,0,96
QLD,2020-04-28,0,1,3255,241,1064,5,0,97
QLD,2020-04-29,1,1,3006,242,1065,5,0,98
QLD,2020-04-30,0,1,2819,242,1066,5,0,99
QLD,2020-05-01,0,0,2530,242,1066,5,0,100
QLD,2020-05-02,1,3,1288,243,1069,5,0,101
QLD,2020-05-03,0,0,1099,243,1069,5,0,102
QLD,2020-05-04,0,0,1446,243,1069,5,0,103
QLD,2020-05-05,0,1,5106,243,1070,5,0,104
QLD,2020-05-06,0,0,4617,243,1070,5,0,105
QLD,2020-05-07,0,0,3813,243,1070,5,0,106
QLD,2020-05-08,0,0,3319,243,1070,5,0,107
QLD,2020-05-09,0,0,1369,243,1070,5,0,108
QLD,2020-05-10,0,0,819,243,1070,5,0,109
QLD,2020-05-11,0,0,3746,243,1070,5,0,110
QLD,2020-05-12,0,0,3359,243,1070,5,0,111
QLD,2020-05-13,0,1,3612,243,1071,5,0,112
QLD,2020-05-14,0,2,3124,243,1073,5,0,113
QLD,2020-05-15,0,0,3391,243,1073,5,0,114
QLD,2020-05-16,0,0,2054,243,1073,5,0,115
QLD,2020-05-17,0,1,1574,243,1074,5,0,116
QLD,2020-05-18,0,0,5411,243,1074,5,0,117
QLD,2020-05-19,0,0,4041,243,1074,5,0,118
QLD,2020-05-20,0,0,3555,243,1074,5,0,119
QLD,2020-05-21,0,0,3845,243,1074,5,0,120
QLD,2020-05-22,0,1,3073,243,1075,5,0,121
QLD,2020-05-23,0,0,1380,243,1075,5,0,122
QLD,2020-05-24,0,0,1110,243,1075,5,0,123
QLD,2020-05-25,0,0,5338,243,1075,5,0,124
QLD,2020-05-26,0,0,4940,243,1075,5,0,125
QLD,2020-05-27,0,0,5730,243,1075,5,0,126
QLD,2020-05-28,0,0,6611,243,1075,5,0,127
QLD,2020-05-29,0,0,5815,243,1075,5,0,128
QLD,2020-05-30,0,0,2519,243,1075,5,0,129
QLD,2020-05-31,0,0,1959,243,1075,5,0,130
QLD,2020-06-01,1,1,7311,244,1076,5,0,131
QLD,2020-06-02,0,0,6035,244,1076,5,0,132
QLD,2020-06-03,0,0,5592,244,1076,5,0,133
QLD,2020-06-04,0,0,5717,244,1076,5,0,134
QLD,2020-06-05,0,0,4934,244,1076,5,0,135
QLD,2020-06-06,0,0,2315,244,1076,5,0,136
QLD,2020-06-07,0,0,2105,244,1076,5,0,137
QLD,2020-06-08,1,2,8681,245,1078,5,0,138
QLD,2020-06-09,0,0,8244,245,1078,5,0,139
QLD,2020-06-10,0,1,7431,245,1079,5,0,140
QLD,2020-06-11,0,0,6575,245,1079,5,0,141
QLD,2020-06-12,0,0,5863,245,1079,5,0,142
QLD,2020-06-13,0,0,2313,245,1079,5,0,143
QLD,2020-06-14,0,1,2099,245,1080,5,0,144
QLD,2020-06-15,0,0,8440,245,1080,5,0,145
QLD,2020-06-16,0,0,7674,245,1080,5,0,146
QLD,2020-06-17,0,1,6353,245,1081,5,0,147
QLD,2020-06-18,0,0,5560,245,1081,5,0,148
QLD,2020-06-19,0,0,4731,245,1081,5,0,149
QLD,2020-06-20,0,0,1939,245,1081,5,0,150
QLD,2020-06-21,0,0,1705,245,1081,5,0,151
QLD,2020-06-22,0,0,7743,245,1081,5,0,152
QLD,2020-06-23,0,0,6967,245,1081,5,0,153
QLD,2020-06-24,0,0,6491,245,1081,5,0,154
QLD,2020-06-25,0,0,6076,245,1081,5,0,155
QLD,2020-06-26,0,1,4990,245,1082,5,0,156
QLD,2020-06-27,0,1,2121,245,1083,5,0,157
QLD,2020-06-28,0,0,1738,245,1083,5,0,158
QLD,2020-06-29,0,0,6561,245,1083,5,0,159
QLD,2020-06-30,0,0,6002,245,1083,5,0,160
QLD,2020-07-01,0,0,5364,245,1083,5,0,161
QLD,2020-07-02,0,0,5034,245,1083,5,0,162
QLD,2020-07-03,0,1,4386,245,1084,5,0,163
QLD,2020-07-04,0,0,1815,245,1084,5,0,164
QLD,2020-07-05,0,0,1535,245,1084,5,0,165
QLD,2020-07-06,0,0,6257,245,1084,5,0,166
QLD,2020-07-07,0,1,6094,245,1085,5,0,167
QLD,2020-07-08,0,1,5635,245,1086,5,0,168
QLD,2020-07-09,0,1,5540,245,1087,5,0,169
QLD,2020-07-10,0,0,4808,245,1087,5,0,170
QLD,2020-07-11,0,0,2214,245,1087,5,0,171
QLD,2020-07-12,0,0,1774,245,1087,5,0,172
QLD,2020-07-13,0,0,7687,245,1087,5,0,173
QLD,2020-07-14,0,0,7166,245,1087,5,0,174
QLD,2020-07-15,0,0,6853,245,1087,5,0,175
QLD,2020-07-16,0,0,6400,245,1087,5,0,176
QLD,2020-07-17,0,0,5734,245,1087,5,0,177
QLD,2020-07-18,0,0,2654,245,1087,5,0,178
QLD,2020-07-19,0,0,2078,245,1087,5,0,179
QLD,2020-07-20,0,2,8755,245,1089,5,0,180
QLD,2020-07-21,1,1,8251,246,1090,5,0,181
QLD,2020-07-22,0,1,8071,246,1091,5,0,182
QLD,2020-07-23,1,1,7606,247,1092,5,0,183
QLD,2020-07-24,0,0,6134,247,1092,5,0,184
QLD,2020-07-25,1,1,2755,248,1093,5,0,185
QLD,2020-07-26,0,0,2091,248,1093,5,0,186
QLD,2020-07-27,1,1,9345,249,1094,5,0,187
QLD,2020-07-28,0,1,9061,249,1095,5,0,188
QLD,2020-07-29,2,2,12992,251,1097,5,0,189
QLD,2020-07-30,1,1,20587,252,1098,5,0,190
QLD,2020-07-31,0,1,19265,252,1099,5,0,191
QLD,2020-08-01,0,0,11763,252,1099,5,0,192
QLD,2020-08-02,0,0,8429,252,1099,6,1,193
QLD,2020-08-03,0,0,21509,252,1099,6,0,194
QLD,2020-08-04,0,1,18530,252,1100,6,0,195
QLD,2020-08-05,0,0,15292,252,1100,6,0,196
QLD,2020-08-06,0,1,11933,252,1101,6,0,197
QLD,2020-08-07,1,1,9307,253,1102,6,0,198
QLD,2020-08-08,0,0,4794,253,1102,6,0,199
QLD,2020-08-09,0,1,3605,253,1103,6,0,200
QLD,2020-08-10,1,1,10776,254,1104,6,0,201
QLD,2020-08-11,1,1,10412,255,1105,6,0,202
QLD,2020-08-12,0,0,9575,255,1105,6,0,203
QLD,2020-08-13,1,2,7724,256,1107,6,0,204
QLD,2020-08-14,0,1,4607,256,1108,6,0,205
QLD,2020-08-15,1,1,3458,257,1109,6,0,206
QLD,2020-08-16,1,3,2744,258,1112,6,0,207
QLD,2020-08-17,1,1,9680,259,1113,6,0,208
QLD,2020-08-18,3,3,9451,262,1116,6,0,209
QLD,2020-08-19,0,0,8288,262,1116,6,0,210
QLD,2020-08-20,1,1,9006,263,1117,6,0,211
QLD,2020-08-21,2,2,8450,265,1119,6,0,212
QLD,2020-08-22,1,1,7807,266,1120,6,0,213
QLD,2020-08-23,2,2,9294,268,1122,6,0,214
QLD,2020-08-24,2,2,24751,270,1124,6,0,215
QLD,2020-08-25,1,1,23539,271,1125,6,0,216
QLD,2020-08-26,1,1,16939,272,1126,6,0,217
QLD,2020-08-27,0,0,13724,272,1126,6,0,218
QLD,2020-08-28,5,5,10690,277,1131,6,0,219
QLD,2020-08-29,1,1,7879,278,1132,6,0,220
QLD,2020-08-30,3,3,6659,281,1135,6,0,221
QLD,2020-08-31,5,5,17918,286,1140,6,0,222
QLD,2020-09-01,3,3,14390,289,1143,6,0,223
QLD,2020-09-02,2,2,12158,291,1145,6,0,224
QLD,2020-09-03,3,3,10466,294,1148,6,0,225
QLD,2020-09-04,1,1,7808,295,1149,6,0,226
QLD,2020-09-05,0,0,4443,295,1149,6,0,227
QLD,2020-09-06,1,2,4464,296,1151,6,0,228
QLD,2020-09-07,1,1,13530,297,1152,6,0,229
QLD,2020-09-08,1,1,10054,298,1153,6,0,230
QLD,2020-09-09,1,2,9142,299,1155,6,0,231
QLD,2020-09-10,2,2,7835,301,1157,6,0,232
QLD,2020-09-11,0,0,6181,301,1157,6,0,233
QLD,2020-09-12,0,0,3391,301,1157,6,0,234
QLD,2020-09-13,0,0,3049,301,1157,6,0,235
QLD,2020-09-14,0,0,9595,301,1157,6,0,236
QLD,2020-09-15,1,1,8232,302,1158,6,0,237
QLD,2020-09-16,0,0,6774,302,1158,6,0,238
QLD,2020-09-17,0,0,6514,302,1158,6,0,239
QLD,2020-09-18,0,2,5264,302,1160,6,0,240
QLD,2020-09-19,0,0,2712,302,1160,6,0,241
QLD,2020-09-20,0,0,2411,302,1160,6,0,242
QLD,2020-09-21,0,0,7292,302,1160,6,0,243
QLD,2020-09-22,0,1,5941,302,1161,6,0,244
QLD,2020-09-23,0,1,5283,302,1162,6,0,245
QLD,2020-09-24,0,0,5043,302,1162,6,0,246
QLD,2020-09-25,0,1,4302,302,1163,6,0,247
QLD,2020-09-26,0,0,2219,302,1163,6,0,248
QLD,2020-09-27,0,0,2066,302,1163,6,0,249
QLD,2020-09-28,0,0,7274,302,1163,6,0,250
QLD,2020-09-29,0,0,6053,302,1163,6,0,251
QLD,2020-09-30,0,2,4941,302,1165,6,0,252
QLD,2020-10-01,0,0,4923,302,1165,6,0,253
QLD,2020-10-02,0,0,3667,302,1165,6,0,254
QLD,2020-10-03,0,0,2181,302,1165,6,0,255
QLD,2020-10-04,0,0,2229,302,1165,6,0,256
QLD,2020-10-05,0,0,2620,302,1165,6,0,257
QLD,2020-10-06,0,0,6728,302,1165,6,0,258
QLD,2020-10-07,0,1,5477,302,1166,6,0,259
QLD,2020-10-08,0,0,5573,302,1166,6,0,260
QLD,2020-10-09,0,0,3686,302,1166,6,0,261
QLD,2020-10-10,0,0,1888,302,1166,6,0,262
QLD,2020-10-11,0,0,1953,302,1166,6,0,263
QLD,2020-10-12,0,1,6469,302,1167,6,0,264
QLD,2020-10-13,0,1,4914,302,1168,6,0,265
QLD,2020-10-14,0,1,4907,302,1169,6,0,266
QLD,2020-10-15,0,0,4721,302,1169,6,0,267
QLD,2020-10-16,0,0,3877,302,1169,6,0,268
QLD,2020-10-17,0,0,1871,302,1169,6,0,269
QLD,2020-10-18,0,0,1915,302,1169,6,0,270
QLD,2020-10-19,0,1,6351,302,1170,6,0,271
QLD,2020-10-20,0,0,5058,302,1170,6,0,272
QLD,2020-10-21,0,2,4362,302,1172,6,0,273
QLD,2020-10-22,0,0,4475,302,1172,6,0,274
QLD,2020-10-23,0,0,3461,302,1172,6,0,275
QLD,2020-10-24,0,0,1743,302,1172,6,0,276
QLD,2020-10-25,0,0,1552,302,1172,6,0,277
QLD,2020-10-26,0,0,5644,302,1172,6,0,278
QLD,2020-10-27,0,1,4338,302,1173,6,0,279
QLD,2020-10-28,0,0,4461,302,1173,6,0,280
QLD,2020-10-29,0,1,4179,302,1174,6,0,281
QLD,2020-10-30,0,2,3509,302,1176,6,0,282
QLD,2020-10-31,0,2,1575,302,1178,6,0,283
QLD,2020-11-01,0,1,1839,302,1179,6,0,284
QLD,2020-11-02,0,1,6277,302,1180,6,0,285
QLD,2020-11-03,0,1,4646,302,1181,6,0,286
QLD,2020-11-04,0,0,4518,302,1181,6,0,287
QLD,2020-11-05,0,0,4029,302,1181,6,0,288
QLD,2020-11-06,0,1,3303,302,1182,6,0,289
QLD,2020-11-07,0,2,1571,302,1184,6,0,290
QLD,2020-11-08,0,1,1724,302,1185,6,0,291
QLD,2020-11-09,0,0,5834,302,1185,6,0,292
QLD,2020-11-10,0,2,5326,302,1187,6,0,293
QLD,2020-11-11,0,1,4582,302,1188,6,0,294
QLD,2020-11-12,0,1,4473,302,1189,6,0,295
QLD,2020-11-13,0,0,3725,302,1189,6,0,296
QLD,2020-11-14,0,0,1826,302,1189,6,0,297
QLD,2020-11-15,0,2,1471,302,1191,6,0,298
QLD,2020-11-16,0,1,7772,302,1192,6,0,299
QLD,2020-11-17,0,3,7963,302,1195,6,0,300
QLD,2020-11-18,0,1,5251,302,1196,6,0,301
QLD,2020-11-19,0,1,4549,302,1197,6,0,302
QLD,2020-11-20,0,2,3841,302,1199,6,0,303
QLD,2020-11-21,0,1,1896,302,1200,6,0,304
QLD,2020-11-22,0,0,1684,302,1200,6,0,305
QLD,2020-11-23,0,1,5656,302,1201,6,0,306
QLD,2020-11-24,0,1,5158,302,1202,6,0,307
QLD,2020-11-25,0,0,4295,302,1202,6,0,308
QLD,2020-11-26,0,2,3817,302,1204,6,0,309
QLD,2020-11-27,0,2,3521,302,1206,6,0,310
QLD,2020-11-28,0,0,1770,302,1206,6,0,311
QLD,2020-11-29,0,1,1451,302,1207,6,0,312
QLD,2020-11-30,0,2,4975,302,1209,6,0,313
QLD,2020-12-01,0,2,4064,302,1211,6,0,314
QLD,2020-12-02,0,2,3438,302,1213,6,0,315
QLD,2020-12-03,0,1,3394,302,1214,6,0,316
QLD,2020-12-04,0,5,2976,302,1219,6,0,317
QLD,2020-12-05,0,2,1553,302,1221,6,0,318
QLD,2020-12-06,0,4,1174,302,1225,,,319
QLD,2020-12-07,0,0,4520,302,1225,,,320
QLD,2020-12-08,0,0,3528,302,1225,,,321
QLD,2020-12-09,0,0,3229,302,1225,,,322
QLD,2020-12-10,0,1,3366,302,1226,,,323
QLD,2020-12-11,0,1,3021,302,1227,,,324
QLD,2020-12-12,0,1,1526,302,1228,,,325
QLD,2020-12-13,0,0,1106,302,1228,,,326
QLD,2020-12-14,0,1,3738,302,1229,,,327
QLD,2020-12-15,0,0,1547,302,1229,,,328
