location,date,cum_infections,cum_deaths,cum_tests,new_diagnoses,new_deaths,new_tests,imported_cases
KZN,2020-03-05,1,0,523,0,0,523,0
KZN,2020-03-06,1,0,1046,0,0,523,0
KZN,2020-03-07,1,0,1569,0,0,523,0
KZN,2020-03-08,2,0,2092,1,0,523,0
KZN,2020-03-09,6,0,2615,4,0,523,0
KZN,2020-03-10,6,0,3138,0,0,523,0
KZN,2020-03-11,7,0,3661,1,0,523,0
KZN,2020-03-12,8,0,4184,1,0,523,0
KZN,2020-03-13,10,0,4707,2,0,523,0
KZN,2020-03-14,11,0,5230,1,0,523,0
KZN,2020-03-15,12,0,5753,1,0,523,0
KZN,2020-03-16,12,0,6276,0,0,523,0
KZN,2020-03-17,16,0,6799,4,0,523,0
KZN,2020-03-18,19,0,7322,3,0,523,0
KZN,2020-03-19,22,0,7845,3,0,523,0
KZN,2020-03-20,23,0,8368,1,0,523,0
KZN,2020-03-21,26,0,8891,3,0,523,0
KZN,2020-03-22,35,0,9414,9,0,523,0
KZN,2020-03-23,60,0,9937,25,0,523,0
KZN,2020-03-24,80,0,10460,20,0,523,0
KZN,2020-03-25,91,0,10983,11,0,523,0
KZN,2020-03-26,134,0,11506,43,0,523,0
KZN,2020-03-27,134,0,12029,0,0,523,0
KZN,2020-03-28,156,1,12552,22,1,523,0
KZN,2020-03-29,167,1,13075,11,0,523,0
KZN,2020-03-30,171,1,13598,4,0,523,0
KZN,2020-03-31,179,2,14121,8,1,523,0
KZN,2020-04-01,186,2,14644,7,0,523,0
KZN,2020-04-02,206,2,15167,20,0,523,0
KZN,2020-04-03,215,6,15690,9,4,523,0
KZN,2020-04-04,232,6,16213,17,0,523,0
KZN,2020-04-05,246,7,16736,14,1,523,0
KZN,2020-04-06,257,7,17259,11,0,523,0
KZN,2020-04-07,257,8,17782,0,1,523,0
KZN,2020-04-08,354,9,18305,97,1,523,0
KZN,2020-04-09,387,9,18828,33,0,523,0
KZN,2020-04-10,412,12,19351,25,3,523,0
KZN,2020-04-11,418,12,19874,6,0,523,0
KZN,2020-04-12,443,12,20397,25,0,523,0
KZN,2020-04-13,465,12,20920,22,0,523,0
KZN,2020-04-14,489,12,21443,24,0,523,0
KZN,2020-04-15,519,18,21966,30,6,523,0
KZN,2020-04-16,539,20,22489,20,2,523,0
KZN,2020-04-17,591,20,23012,52,0,523,0
KZN,2020-04-18,604,21,23535,13,1,523,0
KZN,2020-04-19,617,22,24058,13,1,523,0
KZN,2020-04-20,639,23,24581,22,1,523,0
KZN,2020-04-21,671,23,25104,32,0,523,0
KZN,2020-04-22,758,25,25627,87,2,523,0
KZN,2020-04-23,807,27,26150,49,2,523,0
KZN,2020-04-24,841,29,26673,34,2,523,0
KZN,2020-04-25,841,29,27196,0,0,523,0
KZN,2020-04-26,863,29,27719,22,0,523,0
KZN,2020-04-27,902,30,28242,39,1,523,0
KZN,2020-04-28,919,30,31190,17,0,2948,0
KZN,2020-04-29,956,32,34138,37,2,2948,0
KZN,2020-04-30,980,32,37086,24,0,2948,0
KZN,2020-05-01,1006,32,40034,26,0,2948,0
KZN,2020-05-02,1051,34,42982,45,2,2948,0
KZN,2020-05-03,1076,34,45930,25,0,2948,0
KZN,2020-05-04,1106,35,48571,30,1,2641,0
KZN,2020-05-05,1142,36,51212,36,1,2641,0
KZN,2020-05-06,1149,38,53853,7,2,2641,0
KZN,2020-05-07,1204,40,56494,55,2,2641,0
KZN,2020-05-08,1253,42,59135,49,2,2641,0
KZN,2020-05-09,1308,42,61776,55,0,2641,0
KZN,2020-05-10,1353,43,63289,45,1,1513,0
KZN,2020-05-11,1372,44,64802,19,1,1513,0
KZN,2020-05-12,1394,44,66315,22,0,1513,0
KZN,2020-05-13,1413,44,67828,19,0,1513,0
KZN,2020-05-14,1444,44,70484,31,0,2656,0
KZN,2020-05-15,1482,45,73140,38,1,2656,0
KZN,2020-05-16,1498,45,75796,16,0,2656,0
KZN,2020-05-17,1543,45,78452,45,0,2656,0
KZN,2020-05-18,1567,45,81108,24,0,2656,0
KZN,2020-05-19,1616,46,83764,49,1,2656,0
KZN,2020-05-20,1650,46,86420,34,0,2656,0
KZN,2020-05-21,1693,46,89319,43,0,2899,0
KZN,2020-05-22,1735,47,92218,42,1,2899,0
KZN,2020-05-23,1777,48,95117,42,1,2899,0
KZN,2020-05-24,1815,49,98016,38,1,2899,0
KZN,2020-05-25,1882,49,100915,67,0,2899,0
KZN,2020-05-26,1927,49,103814,45,0,2899,0
KZN,2020-05-27,2186,49,106713,259,0,2899,0
KZN,2020-05-28,2349,50,109612,163,1,2899,0
KZN,2020-05-29,2428,50,112511,79,0,2899,0
KZN,2020-05-30,2476,52,115410,48,2,2899,0
KZN,2020-05-31,2545,52,118309,69,0,2899,0
KZN,2020-06-01,2565,52,121208,20,0,2899,0
KZN,2020-06-02,2637,53,124107,72,1,2899,0
KZN,2020-06-03,2707,54,127006,70,1,2899,0
KZN,2020-06-04,2869,55,129905,162,1,2899,0
KZN,2020-06-05,2936,55,132804,67,0,2899,0
KZN,2020-06-06,3016,61,135703,80,6,2899,0
KZN,2020-06-07,3108,61,138602,92,0,2899,0
KZN,2020-06-08,3175,62,141501,67,1,2899,0
KZN,2020-06-09,3255,62,144400,80,0,2899,0
KZN,2020-06-10,3347,64,147299,92,2,2899,0
KZN,2020-06-11,3472,64,150198,125,0,2899,0
KZN,2020-06-12,3573,64,153097,101,0,2899,0
KZN,2020-06-13,3763,64,155996,190,0,2899,0
KZN,2020-06-14,3874,69,158895,111,5,2899,0
KZN,2020-06-15,3959,69,161794,85,0,2899,0
KZN,2020-06-16,4048,73,164693,89,4,2899,0
KZN,2020-06-17,4238,73,167592,190,0,2899,0
KZN,2020-06-18,4360,73,170491,122,0,2899,0
KZN,2020-06-19,4548,80,173390,188,7,2899,0
KZN,2020-06-20,4806,83,176289,258,3,2899,0
KZN,2020-06-21,5030,84,179188,224,1,2899,0
KZN,2020-06-22,5278,87,182087,248,3,2899,0
KZN,2020-06-23,5625,91,185587,347,4,3500,0
KZN,2020-06-24,6075,91,189087,450,0,3500,0
KZN,2020-06-25,6590,106,192587,515,15,3500,0
KZN,2020-06-26,7090,106,196087,500,0,3500,0
KZN,2020-06-27,7786,109,199587,696,3,3500,0
KZN,2020-06-28,8433,109,203087,647,0,3500,0
KZN,2020-06-29,9041,115,206587,608,6,3500,0
KZN,2020-06-30,9674,126,210087,633,11,3500,0
KZN,2020-07-01,10632,136,213587,958,10,3500,0
KZN,2020-07-02,11669,152,218587,1037,16,5000,0
KZN,2020-07-03,12757,162,223587,1088,10,5000,0
KZN,2020-07-04,13984,162,228587,1227,0,5000,0
KZN,2020-07-05,15146,183,233587,1162,21,5000,0
KZN,2020-07-06,15819,183,238587,673,0,5000,0
KZN,2020-07-07,16743,205,243587,924,22,5000,0
KZN,2020-07-08,17962,223,248587,1219,18,5000,0
KZN,2020-07-09,19630,249,253587,1668,26,5000,0
KZN,2020-07-10,21386,260,258587,1756,11,5000,0
KZN,2020-07-11,23753,273,263587,2367,13,5000,0
KZN,2020-07-12,25572,280,268587,1819,7,5000,0
KZN,2020-07-13,27387,286,273587,1815,6,5000,0