iso_code,continent,location,date,total_cases,new_cases,total_deaths,new_deaths,imported_cases,total_tests,new_tests
USA,North America,Mobile,2020-03-08,0,0,0,0,0,228,228
USA,North America,Mobile,2020-03-09,0,0,0,0,0,456,228
USA,North America,Mobile,2020-03-10,0,0,0,0,0,685,228
USA,North America,Mobile,2020-03-11,0,0,0,0,0,913,228
USA,North America,Mobile,2020-03-12,0,0,0,0,0,1142,228
USA,North America,Mobile,2020-03-13,0,0,0,0,0,1370,228
USA,North America,Mobile,2020-03-14,0,0,0,0,0,1599,228
USA,North America,Mobile,2020-03-15,0,0,0,0,0,3542,1943
USA,North America,Mobile,2020-03-16,0,0,0,0,0,5485,1943
USA,North America,Mobile,2020-03-17,0,0,0,0,0,7428,1943
USA,North America,Mobile,2020-03-18,0,0,0,0,0,9371,1943
USA,North America,Mobile,2020-03-19,1,1,0,0,10,11314,1943
USA,North America,Mobile,2020-03-20,2,1,0,0,10,13257,1943
USA,North America,Mobile,2020-03-21,2,0,0,0,10,15201,1943
USA,North America,Mobile,2020-03-22,2,0,0,0,10,17339,2138
USA,North America,Mobile,2020-03-23,2,0,0,0,10,19478,2138
USA,North America,Mobile,2020-03-24,6,4,0,0,10,21617,2138
USA,North America,Mobile,2020-03-25,10,4,0,0,10,23755,2138
USA,North America,Mobile,2020-03-26,19,9,0,0,10,25894,2138
USA,North America,Mobile,2020-03-27,23,4,0,0,10,28033,2138
USA,North America,Mobile,2020-03-28,34,11,0,0,10,30172,2138
USA,North America,Mobile,2020-03-29,41,7,0,0,10,31991,1819
USA,North America,Mobile,2020-03-30,45,4,1,1,10,33811,1819
USA,North America,Mobile,2020-03-31,53,8,1,0,10,35631,1819
USA,North America,Mobile,2020-04-01,57,4,2,1,10,37450,1819
USA,North America,Mobile,2020-04-02,68,11,3,1,10,39270,1819
USA,North America,Mobile,2020-04-03,103,35,4,1,20,41090,1819
USA,North America,Mobile,2020-04-04,116,13,5,1,10,42910,1819
USA,North America,Mobile,2020-04-05,123,7,5,0,0,45130,2220
USA,North America,Mobile,2020-04-06,145,22,5,0,0,47350,2220
USA,North America,Mobile,2020-04-07,212,67,6,1,0,49571,2220
USA,North America,Mobile,2020-04-08,274,62,7,1,0,51791,2220
USA,North America,Mobile,2020-04-09,343,69,7,0,0,54012,2220
USA,North America,Mobile,2020-04-10,372,29,9,2,0,56232,2220
USA,North America,Mobile,2020-04-11,414,42,9,0,0,58453,2220
USA,North America,Mobile,2020-04-12,437,23,9,0,0,60510,2057
USA,North America,Mobile,2020-04-13,477,40,9,0,0,62567,2057
USA,North America,Mobile,2020-04-14,492,15,12,3,0,64625,2057
USA,North America,Mobile,2020-04-15,544,52,12,0,0,66682,2057
USA,North America,Mobile,2020-04-16,576,32,12,0,0,68740,2057
USA,North America,Mobile,2020-04-17,609,33,16,4,0,70797,2057
USA,North America,Mobile,2020-04-18,612,3,18,2,0,72855,2057
USA,North America,Mobile,2020-04-19,639,27,18,0,0,75372,2517
USA,North America,Mobile,2020-04-20,661,22,18,0,0,77889,2517
USA,North America,Mobile,2020-04-21,714,53,28,10,0,80406,2517
USA,North America,Mobile,2020-04-22,753,39,33,5,0,82923,2517
USA,North America,Mobile,2020-04-23,788,35,38,5,0,85440,2517
USA,North America,Mobile,2020-04-24,824,36,40,2,0,87957,2517
USA,North America,Mobile,2020-04-25,877,53,40,0,0,90474,2517
USA,North America,Mobile,2020-04-26,902,25,41,1,0,93625,3151
USA,North America,Mobile,2020-04-27,947,45,43,2,0,96777,3151
USA,North America,Mobile,2020-04-28,986,39,46,3,0,99928,3151
USA,North America,Mobile,2020-04-29,1034,48,53,7,0,103080,3151
USA,North America,Mobile,2020-04-30,1068,34,55,2,0,106231,3151
USA,North America,Mobile,2020-05-01,1133,65,61,6,0,109383,3151
USA,North America,Mobile,2020-05-02,1159,26,61,0,0,112535,3151
USA,North America,Mobile,2020-05-03,1184,25,62,1,0,116421,3886
USA,North America,Mobile,2020-05-04,1211,27,66,4,0,120308,3886
USA,North America,Mobile,2020-05-05,1252,41,71,5,0,124195,3886
USA,North America,Mobile,2020-05-06,1305,53,76,5,0,128082,3886
USA,North America,Mobile,2020-05-07,1349,44,78,2,0,131969,3886
USA,North America,Mobile,2020-05-08,1400,51,81,3,0,135856,3886
USA,North America,Mobile,2020-05-09,1446,46,83,2,0,139743,3886
USA,North America,Mobile,2020-05-10,1457,11,85,2,0,144497,4754
USA,North America,Mobile,2020-05-11,1473,16,90,5,0,149252,4754
USA,North America,Mobile,2020-05-12,1504,31,95,5,0,154007,4754
USA,North America,Mobile,2020-05-13,1547,43,96,1,0,158762,4754
USA,North America,Mobile,2020-05-14,1605,58,98,2,0,163517,4754
USA,North America,Mobile,2020-05-15,1648,43,100,2,0,168272,4754
USA,North America,Mobile,2020-05-16,1681,33,100,0,0,173027,4754
USA,North America,Mobile,2020-05-17,1714,33,101,1,0,178337,5310
USA,North America,Mobile,2020-05-18,1739,25,101,0,0,183648,5310
USA,North America,Mobile,2020-05-19,1771,32,103,2,0,188959,5310
USA,North America,Mobile,2020-05-20,1820,49,106,3,0,194270,5310
USA,North America,Mobile,2020-05-21,1876,56,107,1,0,199581,5310
USA,North America,Mobile,2020-05-22,1933,57,107,0,0,204892,5310
USA,North America,Mobile,2020-05-23,1979,46,109,2,0,210203,5310
USA,North America,Mobile,2020-05-24,2006,27,111,2,0,215300,5097
USA,North America,Mobile,2020-05-25,2029,23,111,0,0,220397,5097
USA,North America,Mobile,2020-05-26,2049,20,112,1,0,225494,5097
USA,North America,Mobile,2020-05-27,2094,45,112,0,0,230591,5097
USA,North America,Mobile,2020-05-28,2126,32,114,2,0,235688,5097
USA,North America,Mobile,2020-05-29,2168,42,114,0,0,240785,5097
USA,North America,Mobile,2020-05-30,2206,38,115,1,0,245882,5097
USA,North America,Mobile,2020-05-31,2236,30,116,1,0,252118,6236
USA,North America,Mobile,2020-06-01,2264,28,118,2,0,258355,6236
USA,North America,Mobile,2020-06-02,2276,12,118,0,0,264592,6236
USA,North America,Mobile,2020-06-03,2314,38,118,0,0,270829,6236
USA,North America,Mobile,2020-06-04,2332,18,118,0,0,277066,6236
USA,North America,Mobile,2020-06-05,2372,40,123,5,0,283303,6236
USA,North America,Mobile,2020-06-06,2428,56,124,1,0,289540,6236
USA,North America,Mobile,2020-06-07,2456,28,124,0,0,295993,6453
USA,North America,Mobile,2020-06-08,2480,24,124,0,0,302446,6453
USA,North America,Mobile,2020-06-09,2537,57,126,2,0,308899,6453
USA,North America,Mobile,2020-06-10,2579,42,127,1,0,315352,6453
USA,North America,Mobile,2020-06-11,2611,32,128,1,0,321805,6453
USA,North America,Mobile,2020-06-12,2657,46,129,1,0,328258,6453
USA,North America,Mobile,2020-06-13,2691,34,129,0,0,334711,6453
USA,North America,Mobile,2020-06-14,2730,39,129,0,0,342341,7630
USA,North America,Mobile,2020-06-15,2758,28,129,0,0,349971,7630
USA,North America,Mobile,2020-06-16,2794,36,129,0,0,357601,7630
USA,North America,Mobile,2020-06-17,2827,33,130,1,0,365231,7630
USA,North America,Mobile,2020-06-18,2894,67,131,1,0,372861,7630
USA,North America,Mobile,2020-06-19,2928,34,132,1,0,380491,7630
USA,North America,Mobile,2020-06-20,2989,61,133,1,0,388121,7630
USA,North America,Mobile,2020-06-21,3007,18,133,0,0,397628,9507
USA,North America,Mobile,2020-06-22,3054,47,133,0,0,407136,9507
USA,North America,Mobile,2020-06-23,3162,108,133,0,0,416644,9507
USA,North America,Mobile,2020-06-24,3214,52,135,2,0,426151,9507
USA,North America,Mobile,2020-06-25,3279,65,135,0,0,435659,9507
USA,North America,Mobile,2020-06-26,3381,102,135,0,0,445167,9507
USA,North America,Mobile,2020-06-27,3412,31,135,0,0,454675,9507
USA,North America,Mobile,2020-06-28,3514,102,135,0,0,464561,9886
USA,North America,Mobile,2020-06-29,3626,112,137,2,0,474447,9886
USA,North America,Mobile,2020-06-30,3687,61,138,1,0,484333,9886
USA,North America,Mobile,2020-07-01,3792,105,138,0,0,494219,9886
USA,North America,Mobile,2020-07-02,3893,101,138,0,0,504105,9886
USA,North America,Mobile,2020-07-03,3995,102,138,0,0,513991,9886
USA,North America,Mobile,2020-07-04,4065,70,138,0,0,523877,9886
USA,North America,Mobile,2020-07-05,4105,40,138,0,0,536266,12389
USA,North America,Mobile,2020-07-06,4195,90,138,0,0,548655,12389
USA,North America,Mobile,2020-07-07,4303,108,140,2,0,561044,12389
USA,North America,Mobile,2020-07-08,4398,95,140,0,0,573434,12389
USA,North America,Mobile,2020-07-09,4599,201,141,1,0,585823,12389
USA,North America,Mobile,2020-07-10,4743,144,142,1,0,598212,12389
USA,North America,Mobile,2020-07-11,4881,138,144,2,0,610602,12389
USA,North America,Mobile,2020-07-12,5040,159,145,1,0,621918,11316
USA,North America,Mobile,2020-07-13,5146,106,145,0,0,633235,11316
USA,North America,Mobile,2020-07-14,5331,185,152,7,0,644552,11316
USA,North America,Mobile,2020-07-15,5484,153,162,10,0,655868,11316
USA,North America,Mobile,2020-07-16,5681,197,163,1,0,667185,11316
USA,North America,Mobile,2020-07-17,5844,163,166,3,0,678502,11316
USA,North America,Mobile,2020-07-18,5995,151,166,0,0,689819,11316
USA,North America,Mobile,2020-07-19,6115,120,166,0,0,699126,9307
USA,North America,Mobile,2020-07-20,6239,124,166,0,0,708434,9307
USA,North America,Mobile,2020-07-21,6389,150,166,0,0,717742,9307
USA,North America,Mobile,2020-07-22,6647,258,174,8,0,727050,9307
USA,North America,Mobile,2020-07-23,6856,209,175,1,0,736358,9307
USA,North America,Mobile,2020-07-24,7009,153,175,0,0,745666,9307
USA,North America,Mobile,2020-07-25,7170,161,180,5,0,754974,9307
USA,North America,Mobile,2020-07-26,7337,167,180,0,0,764281,9307
USA,North America,Mobile,2020-07-27,7464,127,182,2,0,773589,9307
USA,North America,Mobile,2020-07-28,7655,191,182,0,0,782897,9307
USA,North America,Mobile,2020-07-29,7857,202,185,3,0,792205,9307
USA,North America,Mobile,2020-07-30,8074,217,187,2,0,801513,9307
USA,North America,Mobile,2020-07-31,8461,387,189,2,0,810821,9307
USA,North America,Mobile,2020-08-01,8994,533,191,2,0,820129,9307
,,,2020-08-02,,,,,,,
,,,2020-08-03,,,,,,,
,,,2020-08-04,,,,,,,
,,,2020-08-05,,,,,,,
,,,2020-08-06,,,,,,,
,,,2020-08-07,,,,,,,
,,,2020-08-08,,,,,,,
,,,2020-08-09,,,,,,,
,,,2020-08-10,,,,,,,
,,,2020-08-11,,,,,,,
,,,2020-08-12,,,,,,,
,,,2020-08-13,,,,,,,
,,,2020-08-14,,,,,,,
,,,2020-08-15,,,,,,,
,,,2020-08-16,,,,,,,
,,,2020-08-17,,,,,,,
,,,2020-08-18,,,,,,,
,,,2020-08-19,,,,,,,
,,,2020-08-20,,,,,,,
,,,2020-08-21,,,,,,,
,,,2020-08-22,,,,,,,
,,,2020-08-23,,,,,,,
,,,2020-08-24,,,,,,,
,,,2020-08-25,,,,,,,
,,,2020-08-26,,,,,,,
,,,2020-08-27,,,,,,,
,,,2020-08-28,,,,,,,
,,,2020-08-29,,,,,,,
,,,2020-08-30,,,,,,,
,,,2020-08-31,,,,,,,
,,,2020-09-01,,,,,,,
,,,2020-09-02,,,,,,,
,,,2020-09-03,,,,,,,
,,,2020-09-04,,,,,,,
,,,2020-09-05,,,,,,,
,,,2020-09-06,,,,,,,
,,,2020-09-07,,,,,,,
,,,2020-09-08,,,,,,,
,,,2020-09-09,,,,,,,
,,,2020-09-10,,,,,,,
,,,2020-09-11,,,,,,,
,,,2020-09-12,,,,,,,
,,,2020-09-13,,,,,,,
,,,2020-09-14,,,,,,,
,,,2020-09-15,,,,,,,
,,,2020-09-16,,,,,,,
,,,2020-09-17,,,,,,,
,,,2020-09-18,,,,,,,
,,,2020-09-19,,,,,,,
,,,2020-09-20,,,,,,,
,,,2020-09-21,,,,,,,
,,,2020-09-22,,,,,,,
,,,2020-09-23,,,,,,,
,,,2020-09-24,,,,,,,
,,,2020-09-25,,,,,,,
,,,2020-09-26,,,,,,,
,,,2020-09-27,,,,,,,
,,,2020-09-28,,,,,,,
,,,2020-09-29,,,,,,,
,,,2020-09-30,,,,,,,
,,,2020-10-01,,,,,,,
,,,2020-10-02,,,,,,,
,,,2020-10-03,,,,,,,
,,,2020-10-04,,,,,,,
,,,2020-10-05,,,,,,,
,,,2020-10-06,,,,,,,
,,,2020-10-07,,,,,,,
,,,2020-10-08,,,,,,,
,,,2020-10-09,,,,,,,
,,,2020-10-10,,,,,,,
,,,2020-10-11,,,,,,,
,,,2020-10-12,,,,,,,
,,,2020-10-13,,,,,,,
,,,2020-10-14,,,,,,,
,,,2020-10-15,,,,,,,
,,,2020-10-16,,,,,,,
,,,2020-10-17,,,,,,,
,,,2020-10-18,,,,,,,
,,,2020-10-19,,,,,,,
,,,2020-10-20,,,,,,,
,,,2020-10-21,,,,,,,
,,,2020-10-22,,,,,,,
,,,2020-10-23,,,,,,,
,,,2020-10-24,,,,,,,
,,,2020-10-25,,,,,,,
,,,2020-10-26,,,,,,,
,,,2020-10-27,,,,,,,
,,,2020-10-28,,,,,,,
,,,2020-10-29,,,,,,,
,,,2020-10-30,,,,,,,
,,,2020-10-31,,,,,,,
,,,2020-11-01,,,,,,,
,,,2020-11-02,,,,,,,
,,,2020-11-03,,,,,,,
,,,2020-11-04,,,,,,,
,,,2020-11-05,,,,,,,
