location,date,new_diagnoses,cum_infections,new_deaths,cum_deaths,new_tests,cum_tests,imported_cases,
Detroit,25/02/2020,0,0,0,0,0,0,200,
Detroit,26/02/2020,0,0,0,0,0,0,197,
Detroit,27/02/2020,0,0,0,0,0,0,194,
Detroit,28/02/2020,0,0,0,0,0,0,191,
Detroit,29/02/2020,0,0,0,0,0,0,188,
Detroit,1/03/2020,3,3,0,0,0,0,185,
Detroit,2/03/2020,4,7,0,0,0,0,182,
Detroit,3/03/2020,3,10,0,0,0,0,179,
Detroit,4/03/2020,5,15,0,0,0,0,176,
Detroit,5/03/2020,6,21,0,0,0,0,173,
Detroit,6/03/2020,9,30,0,0,0,0,170,
Detroit,7/03/2020,6,36,0,0,0,0,167,
Detroit,8/03/2020,11,47,0,0,0,0,164,
Detroit,9/03/2020,28,75,0,0,0,0,161,
Detroit,10/03/2020,41,116,0,0,0,0,158,
Detroit,11/03/2020,39,155,0,0,0,0,155,
Detroit,12/03/2020,68,223,0,0,1,1,152,
Detroit,13/03/2020,65,288,0,0,1,2,149,
Detroit,14/03/2020,78,366,0,0,3,5,146,
Detroit,15/03/2020,97,463,0,0,8,13,143,
Detroit,16/03/2020,166,629,0,0,121,134,140,
Detroit,17/03/2020,154,783,0,0,115,249,137,
Detroit,18/03/2020,221,1004,2,2,119,368,134,
Detroit,19/03/2020,184,1188,2,4,192,560,131,
Detroit,20/03/2020,209,1397,1,5,164,724,128,
Detroit,21/03/2020,211,1608,2,7,176,900,125,
Detroit,22/03/2020,172,1780,3,10,192,1092,122,
Detroit,23/03/2020,292,2072,7,17,231,1323,119,
Detroit,24/03/2020,294,2366,10,27,225,1548,116,
Detroit,25/03/2020,333,2699,6,33,378,1926,113,
Detroit,26/03/2020,316,3015,15,48,455,2381,110,
Detroit,27/03/2020,357,3372,22,70,404,2785,107,
Detroit,28/03/2020,303,3675,30,100,374,3159,104,
Detroit,29/03/2020,227,3902,23,123,665,3824,101,
Detroit,30/03/2020,421,4323,31,154,630,4454,98,
Detroit,31/03/2020,328,4651,37,191,1055,5509,95,
Detroit,1/04/2020,385,5036,47,238,1125,6634,92,
Detroit,2/04/2020,257,5293,41,279,1310,7944,89,
Detroit,3/04/2020,267,5560,40,319,1884,9828,86,
Detroit,4/04/2020,227,5787,31,350,1054,10882,83,
Detroit,5/04/2020,174,5961,36,386,1248,12130,80,
Detroit,6/04/2020,264,6225,41,427,848,12978,77,
Detroit,7/04/2020,245,6470,40,467,643,13621,74,
Detroit,8/04/2020,201,6671,37,504,819,14440,71,
Detroit,9/04/2020,179,6850,51,555,727,15167,68,
Detroit,10/04/2020,197,7047,34,589,618,15785,65,
Detroit,11/04/2020,204,7251,45,634,619,16404,62,
Detroit,12/04/2020,108,7359,37,671,716,17120,59,
Detroit,13/04/2020,200,7559,41,712,998,18118,56,
Detroit,14/04/2020,171,7730,42,754,801,18919,53,
Detroit,15/04/2020,146,7876,38,792,1349,20268,50,
Detroit,16/04/2020,155,8031,51,843,874,21142,47,
Detroit,17/04/2020,158,8189,39,882,666,21808,44,
Detroit,18/04/2020,113,8302,20,902,578,22386,41,
Detroit,19/04/2020,72,8374,29,931,712,23098,38,
Detroit,20/04/2020,119,8493,27,958,1234,24332,35,
Detroit,21/04/2020,125,8618,35,993,1450,25782,32,
Detroit,22/04/2020,136,8754,33,1026,1222,27004,29,
Detroit,23/04/2020,144,8898,20,1046,1272,28276,26,
Detroit,24/04/2020,132,9030,23,1069,713,28989,23,
Detroit,25/04/2020,56,9086,21,1090,725,29714,20,
Detroit,26/04/2020,41,9127,16,1106,1388,31102,17,
Detroit,27/04/2020,106,9233,24,1130,941,32043,14,
Detroit,28/04/2020,94,9327,18,1148,1554,33597,11,
Detroit,29/04/2020,90,9417,11,1159,1877,35474,8,
Detroit,30/04/2020,101,9518,18,1177,1636,37110,5,
Detroit,1/05/2020,102,9620,17,1194,1804,38914,2,
Detroit,2/05/2020,43,9663,11,1205,885,39799,0,
Detroit,3/05/2020,29,9692,12,1217,1161,40960,0,
Detroit,4/05/2020,112,9804,16,1233,1884,42844,0,
Detroit,5/05/2020,107,9911,10,1243,1663,44507,0,
Detroit,6/05/2020,88,9999,10,1253,1728,46235,0,
Detroit,7/05/2020,90,10089,17,1270,1537,47772,0,
Detroit,8/05/2020,91,10180,11,1281,1358,49130,0,
Detroit,9/05/2020,59,10239,7,1288,841,49971,0,
Detroit,10/05/2020,15,10254,9,1297,1789,51760,0,
Detroit,11/05/2020,58,10312,11,1308,1174,52934,0,
Detroit,12/05/2020,64,10376,6,1314,1486,54420,0,
Detroit,13/05/2020,57,10433,6,1320,2280,56700,0,
Detroit,14/05/2020,52,10485,14,1334,2202,58902,0,
Detroit,15/05/2020,56,10541,2,1336,1272,60174,0,
Detroit,16/05/2020,44,10585,2,1338,674,60848,0,
Detroit,17/05/2020,18,10603,5,1343,1847,62695,0,
Detroit,18/05/2020,47,10650,8,1351,2485,65180,0,
Detroit,19/05/2020,49,10699,7,1358,1399,66579,0,
Detroit,20/05/2020,51,10750,5,1363,1909,68488,0,
Detroit,21/05/2020,48,10798,7,1370,3041,71529,0,
Detroit,22/05/2020,49,10847,4,1374,1502,73031,0,
Detroit,23/05/2020,27,10874,4,1378,1334,74365,0,
Detroit,24/05/2020,21,10895,3,1381,1559,75924,0,
Detroit,25/05/2020,20,10915,7,1388,1144,77068,0,
Detroit,26/05/2020,45,10960,7,1395,1489,78557,0,
Detroit,27/05/2020,41,11001,2,1397,1433,79990,0,
Detroit,28/05/2020,29,11030,2,1399,2099,82089,0,
Detroit,29/05/2020,21,11051,6,1405,1092,83181,0,
Detroit,30/05/2020,22,11073,6,1411,1109,84290,0,
Detroit,31/05/2020,36,11109,1,1412,2846,87136,0,
Detroit,1/06/2020,25,11134,3,1415,1430,88566,0,
Detroit,2/06/2020,31,11165,0,1415,1338,89904,0,
Detroit,3/06/2020,19,11184,1,1416,1300,91204,0,
Detroit,4/06/2020,25,11209,4,1420,998,92202,0,
Detroit,5/06/2020,24,11233,1,1421,877,93079,0,
Detroit,6/06/2020,10,11243,3,1424,1035,94114,0,
Detroit,7/06/2020,8,11251,3,1427,1274,95388,0,
Detroit,8/06/2020,29,11280,2,1429,1710,97098,0,
Detroit,9/06/2020,16,11296,0,1429,1225,98323,0,
Detroit,10/06/2020,16,11312,2,1431,761,99084,0,
Detroit,11/06/2020,19,11331,0,1431,1224,100308,0,
Detroit,12/06/2020,16,11347,1,1432,1207,101515,0,
Detroit,13/06/2020,21,11368,0,1432,862,102377,0,
Detroit,14/06/2020,6,11374,0,1432,1021,103398,0,
Detroit,15/06/2020,19,11393,1,1433,1382,104780,0,
Detroit,16/06/2020,22,11415,1,1434,1037,105817,0,
Detroit,17/06/2020,29,11444,1,1435,744,106561,0,
Detroit,18/06/2020,12,11456,1,1436,894,107455,0,
Detroit,19/06/2020,18,11474,1,1437,901,108356,0,
Detroit,20/06/2020,12,11486,0,1437,801,109157,0,
Detroit,21/06/2020,15,11501,1,1438,1066,110223,0,
Detroit,22/06/2020,19,11520,3,1441,961,111184,0,
Detroit,23/06/2020,27,11547,2,1443,1194,112378,0,
Detroit,24/06/2020,27,11574,1,1444,996,113374,0,
Detroit,25/06/2020,22,11596,2,1446,1402,114776,0,
Detroit,26/06/2020,24,11620,0,1446,949,115725,0,
Detroit,27/06/2020,13,11633,1,1447,942,116667,0,
Detroit,28/06/2020,13,11646,0,1447,905,117572,0,
Detroit,29/06/2020,19,11665,0,1447,905,118477,0,
Detroit,30/06/2020,20,11685,1,1448,905,119382,0,
Detroit,1/07/2020,26,11711,0,1448,2068,121450,0,
Detroit,2/07/2020,27,11738,0,1448,2068,123518,0,
Detroit,3/07/2020,19,11757,0,1448,2068,125586,0,
Detroit,4/07/2020,8,11765,0,1448,2068,127654,0,
Detroit,5/07/2020,8,11773,0,1448,2068,129722,0,
Detroit,6/07/2020,18,11791,0,1448,2068,131790,0,
Detroit,7/07/2020,13,11804,1,1449,2068,133858,0,
Detroit,8/07/2020,1,11805,0,1449,2072,135930,0,
Chicago,25/02/2020,0,0,0,0,0,0,200,
Chicago,26/02/2020,0,0,0,0,0,0,197,
Chicago,27/02/2020,0,0,0,0,0,0,194,
Chicago,28/02/2020,0,0,0,0,0,0,191,
Chicago,29/02/2020,0,0,0,0,0,0,188,
Chicago,1/03/2020,0,0,0,0,0,0,185,
Chicago,2/03/2020,0,0,0,0,0,0,182,
Chicago,3/03/2020,0,0,0,0,0,0,179,
Chicago,4/03/2020,0,0,0,0,0,0,176,
Chicago,5/03/2020,0,0,0,0,0,0,173,
Chicago,6/03/2020,0,0,0,0,0,0,170,
Chicago,7/03/2020,0,0,0,0,0,0,167,
Chicago,8/03/2020,0,0,0,0,0,0,164,
Chicago,9/03/2020,0,0,0,0,0,0,161,
Chicago,10/03/2020,0,0,0,0,0,0,158,
Chicago,11/03/2020,0,0,0,0,0,0,155,
Chicago,12/03/2020,0,0,0,0,0,0,152,
Chicago,13/03/2020,0,0,0,0,0,0,149,
Chicago,14/03/2020,0,0,0,0,0,0,146,
Chicago,15/03/2020,0,0,0,0,0,0,143,
Chicago,16/03/2020,0,0,0,0,0,0,140,
Chicago,17/03/2020,0,0,0,0,0,0,137,
Chicago,18/03/2020,0,0,0,0,0,0,134,
Chicago,19/03/2020,0,0,0,0,0,0,131,
Chicago,20/03/2020,0,0,0,0,0,0,128,
Chicago,21/03/2020,0,0,0,0,0,0,125,
Chicago,22/03/2020,0,0,0,0,0,0,122,
Chicago,23/03/2020,598,598,4,4,500,500,119,
Chicago,24/03/2020,132,730,1,5,2000,2500,116,
Chicago,25/03/2020,219,949,0,5,2000,4500,113,
Chicago,26/03/2020,200,1149,4,9,2000,6500,110,
Chicago,27/03/2020,340,1489,3,12,2000,8500,107,
Chicago,28/03/2020,393,1882,3,15,2000,10500,104,
Chicago,29/03/2020,93,1975,0,15,2000,12500,101,
Chicago,30/03/2020,192,2167,1,16,2000,14500,98,
Chicago,31/03/2020,444,2611,10,26,2000,16500,95,
Chicago,1/04/2020,512,3123,14,40,2000,18500,92,
Chicago,2/04/2020,304,3427,3,43,2000,20500,89,
Chicago,3/04/2020,409,3836,17,60,2500,23000,86,
Chicago,4/04/2020,563,4399,22,82,2500,25500,83,
Chicago,5/04/2020,281,4680,16,98,2500,28000,80,
Chicago,6/04/2020,363,5043,20,118,2500,30500,77,
Chicago,7/04/2020,468,5511,22,140,2500,33000,74,
Chicago,8/04/2020,581,6092,37,177,2500,35500,71,
Chicago,9/04/2020,527,6619,19,196,2500,38000,68,
Chicago,10/04/2020,659,7278,16,212,2500,40500,65,
Chicago,11/04/2020,497,7775,46,258,2500,43000,62,
Chicago,12/04/2020,809,8584,19,277,2500,45500,59,
Chicago,13/04/2020,529,9113,31,308,2500,48000,56,
Chicago,14/04/2020,553,9666,39,347,2500,50500,53,
Chicago,15/04/2020,598,10264,39,386,2500,53000,50,
Chicago,16/04/2020,457,10721,34,420,3000,56000,47,
Chicago,17/04/2020,662,11383,41,461,3000,59000,44,
Chicago,18/04/2020,652,12035,27,488,3000,62000,41,
Chicago,19/04/2020,536,12571,12,500,3000,65000,38,
Chicago,20/04/2020,429,13000,38,538,3000,68000,35,
Chicago,21/04/2020,612,13612,55,593,3000,71000,32,
Chicago,22/04/2020,794,14406,34,627,3000,74000,29,
Chicago,23/04/2020,993,15399,34,661,3000,77000,26,
Chicago,24/04/2020,801,16200,36,697,3000,80000,23,
Chicago,25/04/2020,1103,17303,36,733,3000,83000,20,
Chicago,26/04/2020,624,17927,28,761,3000,86000,17,
Chicago,27/04/2020,755,18682,11,772,3000,89000,14,
Chicago,28/04/2020,912,19594,31,803,3000,92000,11,
Chicago,29/04/2020,819,20413,48,851,3000,95000,8,
Chicago,30/04/2020,1078,21491,43,894,3000,98000,5,
Chicago,1/05/2020,1253,22744,68,962,3000,101000,2,
Chicago,2/05/2020,1143,23887,25,987,3000,104000,0,
Chicago,3/05/2020,1093,24980,27,1014,3000,107000,0,
Chicago,4/05/2020,825,25805,7,1021,3000,110000,0,
Chicago,5/05/2020,806,26611,75,1096,3000,113000,0,
Chicago,6/05/2020,957,27568,56,1152,3000,116000,0,
Chicago,7/05/2020,999,28567,54,1206,3000,119000,0,
Chicago,8/05/2020,1098,29665,62,1268,3000,122000,0,
Chicago,9/05/2020,836,30501,32,1300,3000,125000,0,
Chicago,10/05/2020,449,30950,37,1337,3536,128536,0,
Chicago,11/05/2020,377,31327,39,1376,2798,131334,0,
Chicago,12/05/2020,1268,32595,59,1435,6701,138035,0,
Chicago,13/05/2020,525,33120,64,1499,3691,141726,0,
Chicago,14/05/2020,1293,34413,53,1552,4523,146249,0,
Chicago,15/05/2020,903,35316,48,1600,7144,153393,0,
Chicago,16/05/2020,793,36109,27,1627,5991,159384,0,
Chicago,17/05/2020,560,36669,31,1658,4436,163820,0,
Chicago,18/05/2020,712,37381,47,1705,5363,169183,0,
Chicago,19/05/2020,593,37974,37,1742,4509,173692,0,
Chicago,20/05/2020,809,38783,46,1788,8139,181831,0,
Chicago,21/05/2020,972,39755,26,1814,7826,189657,0,
Chicago,22/05/2020,736,40491,58,1872,6752,196409,0,
Chicago,23/05/2020,949,41440,23,1895,9477,205886,0,
Chicago,24/05/2020,979,42419,45,1940,7482,213368,0,
Chicago,25/05/2020,548,42967,15,1955,6359,219727,0,
Chicago,26/05/2020,366,43333,26,1981,4230,223957,0,
Chicago,27/05/2020,383,43716,39,2020,4171,228128,0,
Chicago,28/05/2020,444,44160,32,2052,5591,233719,0,
Chicago,29/05/2020,477,44637,25,2077,4669,238388,0,
Chicago,30/05/2020,447,45084,25,2102,6188,244576,0,
Chicago,31/05/2020,432,45516,17,2119,5686,250262,0,
Chicago,1/06/2020,321,45837,13,2132,4944,255206,0,
Chicago,2/06/2020,902,46739,16,2148,3947,259153,0,
Chicago,3/06/2020,240,46979,40,2188,7924,267077,0,
Chicago,4/06/2020,265,47244,35,2223,4095,271172,0,
Chicago,5/06/2020,362,47606,24,2247,4010,275182,0,
Chicago,6/06/2020,347,47953,15,2262,4472,279654,0,
Chicago,7/06/2020,222,48175,7,2269,4973,284627,0,
Chicago,8/06/2020,176,48351,16,2285,3676,288303,0,
Chicago,9/06/2020,234,48585,21,2306,4570,292873,0,
Chicago,10/06/2020,140,48725,7,2313,3993,296866,0,
Chicago,11/06/2020,199,48924,46,2359,4688,301554,0,
Chicago,12/06/2020,171,49095,10,2369,5455,307009,0,
Chicago,13/06/2020,178,49273,11,2380,4954,311963,0,
Chicago,14/06/2020,176,49449,4,2384,5484,317447,0,
Chicago,15/06/2020,149,49598,23,2407,4664,322111,0,
Chicago,16/06/2020,177,49775,20,2427,4477,326588,0,
Chicago,17/06/2020,154,49929,15,2442,5953,332541,0,
Chicago,18/06/2020,142,50071,16,2458,4870,337411,0,
Chicago,19/06/2020,216,50287,27,2485,5108,342519,0,
Chicago,20/06/2020,138,50425,6,2491,5107,347626,0,
Chicago,21/06/2020,116,50541,14,2505,5960,353586,0,
Chicago,22/06/2020,101,50642,18,2523,3974,357560,0,
Chicago,23/06/2020,191,50833,3,2526,4432,361992,0,
Chicago,24/06/2020,153,50986,20,2546,5329,367321,0,
Chicago,25/06/2020,192,51178,8,2554,6571,373892,0,
Chicago,26/06/2020,142,51320,14,2568,6932,380824,0,
Chicago,27/06/2020,408,51728,12,2580,7308,388132,0,
Chicago,28/06/2020,92,51950,2,2582,6718,394850,0,
Chicago,29/06/2020,42,52153,20,2592,6666,401516,0,
Chicago,30/06/2020,201,52354,26,2598,6188,407704,0,
New Orleans,25/02/2020,0,0,0,0,0,0,200,-2.777777778
New Orleans,26/02/2020,0,0,0,0,0,0,197,
New Orleans,27/02/2020,0,0,0,0,0,0,194,
New Orleans,28/02/2020,0,0,0,0,0,0,191,
New Orleans,29/02/2020,0,0,0,0,0,0,188,
New Orleans,1/03/2020,0,0,0,0,0,0,185,
New Orleans,2/03/2020,0,0,0,0,0,0,182,
New Orleans,3/03/2020,0,0,0,0,0,0,179,
New Orleans,4/03/2020,0,0,0,0,0,0,176,
New Orleans,5/03/2020,0,0,0,0,0,0,173,
New Orleans,6/03/2020,0,0,0,0,0,0,170,
New Orleans,7/03/2020,0,0,0,0,0,0,167,
New Orleans,8/03/2020,0,0,0,0,0,0,164,
New Orleans,9/03/2020,0,0,0,0,0,0,161,
New Orleans,10/03/2020,5,5,0,0,10,10,158,
New Orleans,11/03/2020,5,10,0,0,10,20,155,
New Orleans,12/03/2020,5,15,0,0,10,30,152,
New Orleans,13/03/2020,11,26,0,0,10,40,149,
New Orleans,14/03/2020,27,53,1,1,10,50,146,
New Orleans,15/03/2020,21,74,1,2,10,60,143,
New Orleans,16/03/2020,20,94,1,3,50,110,140,
New Orleans,17/03/2020,42,136,1,4,50,160,137,
New Orleans,18/03/2020,60,196,2,6,50,210,134,
New Orleans,19/03/2020,53,249,2,8,50,260,131,
New Orleans,20/03/2020,77,326,2,10,50,310,128,
New Orleans,21/03/2020,92,418,5,15,50,360,125,
New Orleans,22/03/2020,33,451,0,15,50,410,122,
New Orleans,23/03/2020,116,567,5,20,50,460,119,
New Orleans,24/03/2020,108,675,6,26,50,510,116,
New Orleans,25/03/2020,152,827,11,37,50,560,113,
New Orleans,26/03/2020,170,997,9,46,50,610,110,
New Orleans,27/03/2020,173,1170,11,57,0,610,107,
New Orleans,28/03/2020,128,1298,13,70,50,660,104,
New Orleans,29/03/2020,52,1350,3,73,50,710,101,
New Orleans,30/03/2020,130,1480,13,86,50,760,98,
New Orleans,31/03/2020,354,1834,15,101,50,7000,95,
New Orleans,1/04/2020,436,2270,14,115,246,7246,92,
New Orleans,2/04/2020,878,3148,10,125,5150,12396,89,
New Orleans,3/04/2020,328,3476,23,148,0,12396,86,
New Orleans,4/04/2020,490,3966,5,153,1377,13773,83,
New Orleans,5/04/2020,100,4066,8,161,130,13903,80,
New Orleans,6/04/2020,499,4565,10,171,1950,15853,77,
New Orleans,7/04/2020,377,4942,14,185,1250,17103,74,
New Orleans,8/04/2020,128,5070,23,208,750,17853,71,
New Orleans,9/04/2020,172,5242,16,224,1550,19403,68,
New Orleans,10/04/2020,174,5416,1,225,950,20353,65,
New Orleans,11/04/2020,119,5535,7,232,0,20353,62,
New Orleans,12/04/2020,65,5600,3,235,199,20552,59,
New Orleans,13/04/2020,51,5651,9,244,186,20738,56,
New Orleans,14/04/2020,67,5718,32,276,737,21475,53,
New Orleans,15/04/2020,51,5769,11,287,507,21982,50,
New Orleans,16/04/2020,78,5847,15,302,666,22648,47,
New Orleans,17/04/2020,59,5906,15,317,553,23201,44,
New Orleans,18/04/2020,47,5953,7,324,590,23791,41,
New Orleans,19/04/2020,47,6000,5,329,175,23966,38,
New Orleans,20/04/2020,148,6148,10,339,0,23966,35,
New Orleans,21/04/2020,21,6169,5,344,0,23966,32,
New Orleans,22/04/2020,40,6209,23,367,0,23966,29,
New Orleans,23/04/2020,54,6263,20,387,79,24045,26,
New Orleans,24/04/2020,23,6286,5,392,91,24136,23,
New Orleans,25/04/2020,11,6297,7,399,0,24136,20,
New Orleans,26/04/2020,45,6342,7,406,602,24738,17,
New Orleans,27/04/2020,23,6365,0,406,674,25412,14,
New Orleans,28/04/2020,15,6380,4,410,411,25823,11,
New Orleans,29/04/2020,40,6420,6,416,747,26570,8,
New Orleans,30/04/2020,32,6452,18,434,532,27102,5,
New Orleans,1/05/2020,43,6495,3,437,695,27797,2,
New Orleans,2/05/2020,29,6524,2,439,495,28292,0,
New Orleans,3/05/2020,14,6538,2,441,323,28615,0,
New Orleans,4/05/2020,19,6557,6,447,327,28942,0,
New Orleans,5/05/2020,18,6575,6,453,734,29676,0,
New Orleans,6/05/2020,33,6608,11,464,969,30645,0,
New Orleans,7/05/2020,18,6626,-1,463,761,31406,0,
New Orleans,8/05/2020,19,6645,0,463,527,31933,0,
New Orleans,9/05/2020,29,6674,5,468,1200,33133,0,
New Orleans,10/05/2020,8,6682,0,468,598,33731,0,
New Orleans,11/05/2020,11,6693,2,470,433,34164,0,
New Orleans,12/05/2020,25,6718,7,477,883,35047,0,
New Orleans,13/05/2020,35,6753,4,481,997,36044,0,
New Orleans,14/05/2020,15,6768,1,482,892,36936,0,
New Orleans,15/05/2020,19,6787,7,489,878,37814,0,
New Orleans,16/05/2020,-6,6781,6,495,919,38733,0,
New Orleans,17/05/2020,28,6809,0,495,875,39608,0,
New Orleans,18/05/2020,13,6822,0,495,390,39998,0,
New Orleans,19/05/2020,47,6869,-1,494,1100,41098,0,
New Orleans,20/05/2020,15,6884,6,500,962,42060,0,
New Orleans,21/05/2020,20,6904,0,500,984,43044,0,
New Orleans,22/05/2020,40,6944,0,500,818,43862,0,
New Orleans,23/05/2020,5,6949,0,500,163,44025,0,
New Orleans,24/05/2020,4,6953,0,500,326,44351,0,
New Orleans,25/05/2020,52,7005,2,502,1700,46051,0,
New Orleans,26/05/2020,16,7021,2,504,620,46671,0,
New Orleans,27/05/2020,24,7045,2,506,830,47501,0,
New Orleans,28/05/2020,22,7067,-1,505,750,48251,0,
New Orleans,29/05/2020,0,7067,0,505,0,48251,0,
New Orleans,30/05/2020,41,7108,2,507,1500,49751,0,
New Orleans,31/05/2020,19,7127,0,507,638,50389,0,
New Orleans,1/06/2020,14,7141,0,507,793,51182,0,
New Orleans,2/06/2020,15,7156,-1,506,473,51655,0,
New Orleans,3/06/2020,18,7174,3,509,646,52301,0,
New Orleans,4/06/2020,18,7192,2,511,930,53231,0,
New Orleans,5/06/2020,14,7206,0,511,741,53972,0,
New Orleans,6/06/2020,16,7222,1,512,708,54680,0,
New Orleans,7/06/2020,8,7230,0,512,500,55180,0,
New Orleans,8/06/2020,7,7237,0,512,386,55566,0,
New Orleans,9/06/2020,10,7247,1,513,584,56150,0,
New Orleans,10/06/2020,32,7279,0,513,676,56826,0,
New Orleans,11/06/2020,15,7294,2,515,800,57626,0,
New Orleans,12/06/2020,25,7319,1,516,755,58381,0,
New Orleans,13/06/2020,55,7374,0,516,1500,59881,0,
New Orleans,14/06/2020,19,7393,2,518,544,60425,0,
New Orleans,15/06/2020,18,7411,1,519,722,61147,0,
New Orleans,16/06/2020,17,7428,3,522,750,61897,0,
New Orleans,17/06/2020,31,7459,1,523,626,62523,0,
New Orleans,18/06/2020,0,7459,0,523,0,62523,0,
New Orleans,19/06/2020,-11,7448,3,526,2500,65023,0,
New Orleans,20/06/2020,43,7491,3,529,1500,66523,0,
New Orleans,21/06/2020,27,7518,0,529,1000,67523,0,
New Orleans,22/06/2020,18,7536,0,529,1000,68523,0,
New Orleans,23/06/2020,35,7571,0,529,1000,69523,0,
New Orleans,24/06/2020,39,7610,0,529,1000,70523,0,
New Orleans,25/06/2020,28,7638,0,529,1000,71523,0,
New Orleans,26/06/2020,43,7681,1,530,1000,72523,0,
New Orleans,27/06/2020,0,7681,0,530,1000,73523,0,
New Orleans,28/06/2020,79,7760,1,531,1000,74523,0,
New Orleans,29/06/2020,36,7796,1,532,1000,75523,0,
New Orleans,30/06/2020,55,7851,2,534,1000,76523,0,
New Orleans,1/07/2020,68,7919,0,534,1000,77523,0,
New Orleans,2/07/2020,41,7960,0,534,1000,78523,0,
New Orleans,3/07/2020,71,8031,0,534,1000,79523,0,
New Orleans,4/07/2020,0,8031,0,534,1000,80523,0,
New Orleans,5/07/2020,76,8107,0,534,1000,81523,0,
New Orleans,6/07/2020,36,8143,0,534,1000,82523,0,
New York,20/02/2020,0,0,0,0,0,0,400,
New York,21/02/2020,0,0,0,0,0,0,394,
New York,22/02/2020,0,0,0,0,0,0,388,
New York,23/02/2020,0,0,0,0,0,0,382,
New York,24/02/2020,0,0,0,0,0,0,376,
New York,25/02/2020,0,0,0,0,0,0,370,
New York,26/02/2020,0,0,0,0,0,0,364,
New York,27/02/2020,0,0,0,0,0,0,358,
New York,28/02/2020,0,0,0,0,0,0,352,
New York,29/02/2020,1,1,0,0,10,10,346,
New York,1/03/2020,0,1,0,0,10,20,340,
New York,2/03/2020,0,1,0,0,14,34,334,
New York,3/03/2020,2,3,0,0,32,66,328,
New York,4/03/2020,5,8,0,0,65,131,322,
New York,5/03/2020,3,11,0,0,85,216,316,
New York,6/03/2020,8,19,0,0,67,283,310,
New York,7/03/2020,7,26,0,0,109,392,304,
New York,8/03/2020,21,47,0,0,405,797,298,
New York,9/03/2020,58,105,0,0,467,1264,292,
New York,10/03/2020,70,175,0,0,810,2074,286,
New York,11/03/2020,154,329,1,1,1606,3680,280,
New York,12/03/2020,357,686,0,1,2201,5881,274,
New York,13/03/2020,620,1306,0,1,1763,7644,268,
New York,14/03/2020,644,1950,2,3,2397,10041,262,
New York,15/03/2020,1035,2985,5,8,5061,15102,256,
New York,16/03/2020,2123,5108,8,16,5707,20809,250,
New York,17/03/2020,2455,7563,8,24,6473,27282,244,
New York,18/03/2020,2985,10548,21,45,7922,35204,238,
New York,19/03/2020,3713,14261,24,69,8019,43223,232,
New York,20/03/2020,4014,18275,47,116,4938,48161,226,
New York,21/03/2020,2640,20915,44,160,4639,52800,220,
New York,22/03/2020,2582,23497,50,210,5970,58770,214,
New York,23/03/2020,3571,27068,82,292,7556,66326,208,
New York,24/03/2020,4507,31575,95,387,8019,74345,202,
New York,25/03/2020,4852,36427,123,510,7779,82124,196,
New York,26/03/2020,5046,41473,190,700,7925,90049,190,
New York,27/03/2020,5129,46602,218,918,5147,95196,184,
New York,28/03/2020,3479,50081,273,1191,5325,100521,178,
New York,29/03/2020,3559,53640,291,1482,9316,109837,172,
New York,30/03/2020,6128,59768,328,1810,8598,118435,166,
New York,31/03/2020,5473,65241,383,2193,9137,127572,160,
New York,1/04/2020,5462,70703,446,2639,10227,137799,154,
New York,2/04/2020,5767,76470,499,3138,10409,148208,148,
New York,3/04/2020,5676,82146,498,3636,6895,155103,142,
New York,4/04/2020,3867,86013,510,4146,7015,162118,136,
New York,5/04/2020,3792,89805,581,4727,12102,174220,130,
New York,6/04/2020,6377,96182,574,5301,11745,185965,124,
New York,7/04/2020,6065,102247,599,5900,11462,197427,118,
New York,8/04/2020,5586,107833,569,6469,10336,207763,112,
New York,9/04/2020,5074,112907,560,7029,8934,216697,106,
New York,10/04/2020,4520,117427,539,7568,7824,224521,100,
New York,11/04/2020,3733,121160,542,8110,6804,231325,94,
New York,12/04/2020,2888,124048,573,8683,8146,239471,88,
New York,13/04/2020,3311,127359,570,9253,11293,250764,82,
New York,14/04/2020,4146,131505,512,9765,11604,262368,76,
New York,15/04/2020,3877,135382,454,10219,11311,273679,70,
New York,16/04/2020,3525,138907,413,10632,12260,285939,64,
New York,17/04/2020,3580,142487,384,11016,7786,293725,58,
New York,18/04/2020,2169,144656,391,11407,8178,301903,52,
New York,19/04/2020,2346,147002,398,11805,13929,315832,46,
New York,20/04/2020,3786,150788,365,12170,11980,327812,40,
New York,21/04/2020,3062,153850,322,12492,13972,341784,34,
New York,22/04/2020,3458,157308,312,12804,12502,354286,28,
New York,23/04/2020,2843,160151,332,13136,11957,366243,22,
New York,24/04/2020,2537,162688,316,13452,7726,373969,16,
New York,25/04/2020,1594,164282,264,13716,5722,379691,10,
New York,26/04/2020,1003,165285,247,13963,13152,392843,4,
New York,27/04/2020,2289,167574,272,14235,15276,408119,0,
New York,28/04/2020,2727,170301,228,14463,15081,423200,0,
New York,29/04/2020,2341,172642,240,14703,13853,437053,0,
New York,30/04/2020,2019,174661,222,14925,13290,450343,0,
New York,1/05/2020,1883,176544,209,15134,7661,458004,0,
New York,2/05/2020,1057,177601,192,15326,6199,464203,0,
New York,3/05/2020,784,178385,178,15504,14631,478834,0,
New York,4/05/2020,1546,179931,159,15663,14972,493806,0,
New York,5/05/2020,1512,181443,151,15814,15323,509129,0,
New York,6/05/2020,1401,182844,150,15964,14930,524059,0,
New York,7/05/2020,1231,184075,142,16106,13941,538000,0,
New York,8/05/2020,1087,185162,131,16237,7249,545249,0,
New York,9/05/2020,660,185822,100,16337,6148,551397,0,
New York,10/05/2020,459,186281,102,16439,18260,569657,0,
New York,11/05/2020,1233,187514,103,16542,19846,589503,0,
New York,12/05/2020,1285,188799,91,16633,19990,609493,0,
New York,13/05/2020,1334,190133,82,16715,19102,628595,0,
New York,14/05/2020,1111,191244,70,16785,16025,644620,0,
New York,15/05/2020,871,192115,86,16871,9029,653649,0,
New York,16/05/2020,489,192604,83,16954,8092,661741,0,
New York,17/05/2020,360,192964,77,17031,21607,683348,0,
New York,18/05/2020,901,193865,57,17088,21218,704566,0,
New York,19/05/2020,1006,194871,54,17142,25769,730335,0,
New York,20/05/2020,1069,195940,81,17223,25752,756087,0,
New York,21/05/2020,1069,197009,45,17268,26487,782574,0,
New York,22/05/2020,1061,198070,64,17332,13030,795604,0,
New York,23/05/2020,464,198534,60,17392,12868,808472,0,
New York,24/05/2020,479,199013,49,17441,15244,823716,0,
New York,25/05/2020,466,199479,49,17490,34826,858542,0,
New York,26/05/2020,1053,200532,37,17527,25963,884505,0,
New York,27/05/2020,754,201286,49,17576,26534,911039,0,
New York,28/05/2020,635,201921,38,17614,26242,937281,0,
New York,29/05/2020,650,202571,43,17657,13384,950665,0,
New York,30/05/2020,347,202918,53,17710,10168,960833,0,
New York,31/05/2020,215,203133,39,17749,31148,991981,0,
New York,1/06/2020,666,203799,34,17783,29123,1021104,0,
New York,2/06/2020,574,204373,38,17821,25914,1047018,0,
New York,3/06/2020,512,204885,42,17863,28189,1075207,0,
New York,4/06/2020,510,205395,32,17895,27746,1102953,0,
New York,5/06/2020,407,205802,26,17921,13168,1116121,0,
New York,6/06/2020,246,206048,35,17956,10649,1126770,0,
New York,7/06/2020,196,206244,24,17980,33355,1160125,0,
New York,8/06/2020,443,206687,41,18021,33493,1193618,0,
New York,9/06/2020,424,207111,32,18053,25679,1219297,0,
New York,10/06/2020,365,207476,31,18084,26963,1246260,0,
New York,11/06/2020,356,207832,21,18105,29228,1275488,0,
New York,12/06/2020,406,208238,23,18128,13780,1289268,0,
New York,13/06/2020,196,208434,14,18142,11898,1301166,0,
New York,14/06/2020,182,208616,24,18166,35648,1336814,0,
New York,15/06/2020,376,208992,20,18186,34575,1371389,0,
New York,16/06/2020,419,209411,20,18206,29172,1400561,0,
New York,17/06/2020,350,209761,20,18226,32955,1433516,0,
New York,18/06/2020,370,210131,16,18242,29698,1463214,0,
New York,19/06/2020,352,210483,17,18259,14767,1477981,0,
New York,20/06/2020,204,210687,18,18277,11467,1489448,0,
New York,21/06/2020,170,210857,28,18305,34260,1523708,0,
New York,22/06/2020,392,211249,26,18331,31464,1555172,0,
New York,23/06/2020,376,211625,26,18357,30424,1585596,0,
New York,24/06/2020,378,212003,24,18381,29415,1615011,0,
New York,25/06/2020,294,212297,18,18399,28005,1643016,0,
New York,26/06/2020,310,212607,21,18420,14742,1657758,0,
New York,27/06/2020,198,212805,20,18440,12709,1670467,0,
New York,28/06/2020,176,212981,17,18457,28988,1699455,0,
New York,29/06/2020,376,213357,24,18481,22612,1722067,0,
New York,30/06/2020,341,213698,20,18501,22662,1744729,0,
New York,1/07/2020,265,213963,8,18509,18431,1763160,0,
New York,2/07/2020,256,214219,21,18530,9057,1772217,0,
New York,3/07/2020,105,214324,11,18541,3846,1776063,0,
New York,4/07/2020,64,214388,4,18545,4995,1781058,0,
New York,5/07/2020,74,214462,4,18549,5000,1786058,0,
New York,6/07/2020,98,214560,2,18551,5000,1791058,0,
New York,7/07/2020,10,214570,0,18551,5000,1796058,0,
New Haven,2020-03-15,0,0,0,0,0,0,200,
New Haven,2020-03-16,0,0,0,0,0,0,197,
New Haven,2020-03-17,0,0,0,0,0,0,194,
New Haven,2020-03-18,0,0,0,0,0,0,191,
New Haven,2020-03-19,7,7,0,0,0,0,188,
New Haven,2020-03-20,1,8,0,0,0,0,185,
New Haven,2020-03-21,1,9,0,0,44,44,182,
New Haven,2020-03-22,3,12,0,0,52,96,179,
New Haven,2020-03-23,1,13,0,0,59,155,176,
New Haven,2020-03-24,0,13,0,0,66,221,173,
New Haven,2020-03-25,3,16,1,1,73,294,170,
New Haven,2020-03-26,6,22,0,1,80,374,167,
New Haven,2020-03-27,1,23,0,1,86,460,164,
New Haven,2020-03-28,6,29,0,1,91,551,161,
New Haven,2020-03-29,0,29,0,1,95,646,158,
New Haven,2020-03-30,1,30,0,1,99,745,155,
New Haven,2020-03-31,21,51,0,1,102,847,152,
New Haven,2020-04-01,3,54,0,1,105,952,149,
New Haven,2020-04-02,3,57,0,1,107,1059,146,
New Haven,2020-04-03,0,57,0,1,110,1169,143,
New Haven,2020-04-04,0,57,0,1,113,1282,140,
New Haven,2020-04-05,14,71,8,9,117,1399,137,
New Haven,2020-04-06,1,72,0,9,121,1520,134,
New Haven,2020-04-07,47,119,0,9,126,1646,131,
New Haven,2020-04-08,14,133,0,9,130,1776,128,
New Haven,2020-04-09,0,133,0,9,135,1911,125,
New Haven,2020-04-10,19,152,0,9,140,2051,122,
New Haven,2020-04-11,88,240,0,9,144,2195,119,
New Haven,2020-04-12,1,241,0,9,149,2344,116,
New Haven,2020-04-13,55,296,0,9,153,2497,113,
New Haven,2020-04-14,65,361,0,9,157,2654,110,
New Haven,2020-04-15,0,361,0,9,161,2815,107,
New Haven,2020-04-16,2,363,0,9,165,2980,104,
New Haven,2020-04-17,73,436,18,27,170,3150,101,
New Haven,2020-04-18,26,462,0,27,175,3325,98,
New Haven,2020-04-19,11,473,0,27,181,3506,95,
New Haven,2020-04-20,74,547,10,37,187,3693,92,
New Haven,2020-04-21,12,559,3,40,193,3886,89,
New Haven,2020-04-22,54,613,2,42,199,4085,86,
New Haven,2020-04-23,74,687,1,43,204,4289,83,
New Haven,2020-04-24,23,710,2,45,206,4495,80,
New Haven,2020-04-25,20,730,4,49,205,4700,77,
New Haven,2020-04-26,18,748,2,51,202,4902,74,
New Haven,2020-04-27,27,775,1,52,195,5097,71,
New Haven,2020-04-28,83,858,1,53,188,5285,68,
New Haven,2020-04-29,1,859,3,56,180,5465,65,
New Haven,2020-04-30,79,938,2,58,174,5639,62,
New Haven,2020-05-01,54,992,4,62,171,5810,59,
New Haven,2020-05-02,66,1058,1,63,171,5981,56,
New Haven,2020-05-03,76,1134,8,71,174,6155,53,
New Haven,2020-05-04,26,1160,0,71,182,6337,50,
New Haven,2020-05-05,21,1181,2,73,193,6530,47,
New Haven,2020-05-06,72,1253,1,74,206,6736,44,
New Haven,2020-05-07,4,1257,2,76,222,6958,41,
New Haven,2020-05-08,13,1270,1,77,238,7196,38,
New Haven,2020-05-09,43,1313,1,78,256,7452,35,
New Haven,2020-05-10,11,1324,0,78,275,7727,32,
New Haven,2020-05-11,55,1379,2,80,294,8021,29,
New Haven,2020-05-12,77,1456,0,80,314,8335,26,
New Haven,2020-05-13,52,1508,1,81,332,8667,23,
New Haven,2020-05-14,22,1530,2,83,349,9016,20,
New Haven,2020-05-15,89,1619,2,85,1000,10016,17,
New Haven,2020-05-16,27,1646,2,87,1000,11016,14,
New Haven,2020-05-17,86,1732,0,87,1000,12016,11,
New Haven,2020-05-18,12,1744,3,90,1000,13016,15,
New Haven,2020-05-19,15,1759,0,90,1000,14016,15,
New Haven,2020-05-20,2,1761,2,92,1000,15016,15,
New Haven,2020-05-21,65,1826,2,94,1000,16016,15,
New Haven,2020-05-22,22,1848,2,96,1000,17016,15,
New Haven,2020-05-23,46,1894,1,97,1000,18016,15,
New Haven,2020-05-24,72,1966,1,98,1000,19016,15,
New Haven,2020-05-25,60,2026,0,98,1000,20016,15,
New Haven,2020-05-26,26,2052,4,102,1000,21016,15,
New Haven,2020-05-27,17,2069,-1,101,1000,22016,15,
New Haven,2020-05-28,14,2083,2,103,1000,23016,15,
New Haven,2020-05-29,17,2100,0,103,1000,24016,15,
New Haven,2020-05-30,46,2146,3,106,1000,25016,15,
New Haven,2020-05-31,0,2146,-9,97,1000,26016,15,
New Haven,2020-06-01,24,2170,9,106,1000,27016,15,
New Haven,2020-06-02,101,2271,-2,104,1000,28016,15,
New Haven,2020-06-03,12,2283,0,104,1000,29016,15,
New Haven,2020-06-04,10,2293,1,105,1000,30016,15,
New Haven,2020-06-05,28,2321,2,107,1000,31016,15,
New Haven,2020-06-06,11,2332,0,107,1000,32016,15,
New Haven,2020-06-07,0,2332,1,108,1000,33016,15,
New Haven,2020-06-08,3,2335,0,108,1000,34016,15,
New Haven,2020-06-09,52,2387,0,108,1000,35016,15,
New Haven,2020-06-10,0,2387,0,108,1000,36016,15,
New Haven,2020-06-11,33,2420,1,109,1000,37016,15,
New Haven,2020-06-12,0,2420,0,109,1000,38016,15,
New Haven,2020-06-13,0,2420,0,109,1000,39016,15,
New Haven,2020-06-14,30,2450,0,109,1000,40016,15,
New Haven,2020-06-15,0,2450,0,109,1000,41016,15,
New Haven,2020-06-16,51,2501,0,109,1000,42016,15,
New Haven,2020-06-17,11,2512,0,109,1000,43016,15,
New Haven,2020-06-18,84,2596,0,109,1000,44016,15,
New Haven,2020-06-19,14,2610,0,109,1000,45016,15,
New Haven,2020-06-20,10,2620,1,110,1000,46016,15,
New Haven,2020-06-21,0,2620,0,110,1000,47016,15,
New Haven,2020-06-22,3,2623,0,110,1000,48016,15,
New Haven,2020-06-23,16,2639,0,110,1000,49016,15,
New Haven,2020-06-24,18,2657,0,110,1000,50016,15,
New Haven,2020-06-25,3,2660,1,111,1000,51016,15,
New Haven,2020-06-26,8,2668,0,111,1000,52016,15,
New Haven,2020-06-27,9,2677,0,111,1000,53016,15,
New Haven,2020-06-28,7,2684,0,111,1000,54016,15,
New Haven,2020-06-29,6,2690,0,111,1000,55016,15,
New Haven,2020-06-30,6,2696,0,111,1000,56016,15,
Atlanta,2/03/2020,2,2,0,0,30,30,200,
Atlanta,3/03/2020,0,2,0,0,30,60,200,
Atlanta,4/03/2020,0,2,0,0,30,90,200,
Atlanta,5/03/2020,0,2,0,0,30,120,200,
Atlanta,6/03/2020,0,2,0,0,30,150,200,
Atlanta,7/03/2020,0,2,0,0,30,180,200,
Atlanta,8/03/2020,0,2,0,0,100,280,200,
Atlanta,9/03/2020,1,3,0,0,100,380,200,
Atlanta,10/03/2020,0,3,0,0,100,480,200,
Atlanta,11/03/2020,0,3,0,0,100,580,200,
Atlanta,12/03/2020,0,3,0,0,500,1080,200,
Atlanta,13/03/2020,0,3,1,1,500,1580,200,
Atlanta,14/03/2020,5,8,0,1,500,2080,200,
Atlanta,15/03/2020,5,13,0,1,500,2580,200,
Atlanta,16/03/2020,7,20,0,1,500,3080,200,
Atlanta,17/03/2020,7,27,0,1,500,3580,200,
Atlanta,18/03/2020,6,33,0,1,500,4080,200,
Atlanta,19/03/2020,16,49,0,1,500,4580,200,
Atlanta,20/03/2020,17,66,0,1,500,5080,200,
Atlanta,21/03/2020,22,88,0,1,500,5580,200,
Atlanta,22/03/2020,11,99,0,1,500,6080,200,
Atlanta,23/03/2020,12,111,0,1,1000,7080,200,
Atlanta,24/03/2020,41,152,0,1,1000,8080,200,
Atlanta,25/03/2020,39,191,0,1,1500,9080,200,
Atlanta,26/03/2020,13,204,0,1,1500,10080,200,
Atlanta,27/03/2020,27,231,10,11,1500,11580,200,
Atlanta,28/03/2020,116,347,1,12,1500,13080,200,
Atlanta,29/03/2020,31,378,0,12,1500,14580,200,
Atlanta,30/03/2020,47,425,0,12,1500,16080,200,
Atlanta,31/03/2020,78,503,4,16,1500,17580,200,
Atlanta,1/04/2020,96,599,2,18,1500,19080,200,
Atlanta,2/04/2020,39,638,2,20,1500,20580,200,
Atlanta,3/04/2020,109,747,3,23,1500,22080,200,
Atlanta,4/04/2020,163,910,3,26,1500,23580,200,
Atlanta,5/04/2020,49,959,0,26,1500,25080,200,
Atlanta,6/04/2020,11,970,2,28,1500,26580,200,
Atlanta,7/04/2020,83,1053,4,32,1500,28080,200,
Atlanta,8/04/2020,132,1185,7,39,1500,29580,200,
Atlanta,9/04/2020,84,1269,3,42,1500,31080,200,
Atlanta,10/04/2020,67,1336,6,48,1500,32580,200,
Atlanta,11/04/2020,81,1417,2,50,1500,34080,200,
Atlanta,12/04/2020,29,1446,0,50,1500,35580,200,
Atlanta,13/04/2020,44,1490,0,50,1500,37080,200,
Atlanta,14/04/2020,145,1635,2,52,1500,38580,200,
Atlanta,15/04/2020,177,1812,8,60,1500,40080,200,
Atlanta,16/04/2020,90,1902,3,63,1500,41580,200,
Atlanta,17/04/2020,43,1945,3,66,1500,43080,200,
Atlanta,18/04/2020,92,2037,8,74,1500,44580,200,
Atlanta,19/04/2020,28,2065,0,74,1500,46080,100,
Atlanta,20/04/2020,66,2131,1,75,1500,47580,100,
Atlanta,21/04/2020,67,2198,5,80,1500,49080,100,
Atlanta,22/04/2020,8,2206,3,83,1500,50580,100,
Atlanta,23/04/2020,49,2255,2,85,1500,52080,100,
Atlanta,24/04/2020,181,2436,3,88,1500,53580,100,
Atlanta,25/04/2020,64,2500,3,91,1500,55080,100,
Atlanta,26/04/2020,43,2543,0,91,1500,56580,100,
Atlanta,27/04/2020,2,2545,3,94,1500,58080,100,
Atlanta,28/04/2020,136,2681,9,103,1500,59580,100,
Atlanta,29/04/2020,30,2711,5,108,1500,61080,100,
Atlanta,30/04/2020,55,2766,6,114,1500,62580,100,
Atlanta,1/05/2020,43,2809,3,117,1500,64080,100,
Atlanta,2/05/2020,81,2890,5,122,1500,65580,100,
Atlanta,3/05/2020,35,2925,0,122,1500,67080,100,
Atlanta,4/05/2020,54,2979,0,122,1500,68580,10,
Atlanta,5/05/2020,85,3064,7,129,1500,70080,10,
Atlanta,6/05/2020,99,3163,1,130,1500,71580,10,
Atlanta,7/05/2020,88,3251,5,135,1500,73080,10,
Atlanta,8/05/2020,7,3258,1,136,1500,74580,10,
Atlanta,9/05/2020,29,3287,4,140,1500,76080,10,
Atlanta,10/05/2020,28,3315,4,144,1500,77580,10,
Atlanta,11/05/2020,193,3508,0,144,1500,79080,10,
Atlanta,12/05/2020,8,3516,1,145,1500,80580,0,
Atlanta,13/05/2020,79,3595,4,149,1500,82080,0,
Atlanta,14/05/2020,19,3614,3,152,1500,83580,0,
Atlanta,15/05/2020,11,3625,7,159,1500,85080,0,
Atlanta,16/05/2020,78,3703,5,164,1500,86580,0,
Atlanta,17/05/2020,46,3749,1,165,1500,88080,0,
Atlanta,18/05/2020,2,3751,0,165,1500,89580,0,
Atlanta,19/05/2020,0,3751,6,171,1500,91080,0,
Atlanta,20/05/2020,42,3793,3,174,1500,92580,0,
Atlanta,21/05/2020,0,3793,0,174,1500,94080,0,
Atlanta,22/05/2020,79,3872,16,190,1500,95580,0,
Atlanta,23/05/2020,59,3931,6,196,1500,97080,0,
Atlanta,24/05/2020,46,3977,0,196,1500,98580,0,
Atlanta,25/05/2020,77,4054,0,196,1500,100080,0,
Atlanta,26/05/2020,26,4080,3,199,1500,101580,0,
Atlanta,27/05/2020,150,4230,10,209,1500,103080,0,
Atlanta,28/05/2020,79,4309,5,214,1500,104580,0,
Atlanta,29/05/2020,58,4367,10,224,1500,106080,0,
Atlanta,30/05/2020,123,4490,5,229,1500,107580,0,
Atlanta,31/05/2020,34,4524,6,235,1500,109080,0,
Atlanta,1/06/2020,97,4621,6,241,1500,110580,0,
Atlanta,2/06/2020,17,4638,1,242,1500,112080,0,
Atlanta,3/06/2020,50,4688,2,244,1500,113580,0,
Atlanta,4/06/2020,36,4724,6,250,1500,115080,0,
Atlanta,5/06/2020,66,4790,0,250,1500,116580,0,
Atlanta,6/06/2020,32,4822,2,252,1500,118080,0,
Atlanta,7/06/2020,1,4823,0,252,1500,119580,0,
Atlanta,8/06/2020,64,4887,4,256,1500,121080,0,
Atlanta,9/06/2020,38,4925,16,272,1500,122580,0,
Atlanta,10/06/2020,64,4989,1,273,1500,124080,0,
Atlanta,11/06/2020,42,5031,0,273,1500,125580,0,
Atlanta,12/06/2020,38,5069,7,280,1500,127080,0,
Atlanta,13/06/2020,31,5100,4,284,1500,128580,0,
Atlanta,14/06/2020,6,5106,1,285,1500,130080,0,
Atlanta,15/06/2020,51,5157,5,290,1500,131580,0,
Atlanta,16/06/2020,0,5157,5,295,1500,133080,0,
Atlanta,17/06/2020,135,5292,4,299,1500,134580,0,
Atlanta,18/06/2020,33,5325,2,301,1500,136080,0,
Atlanta,19/06/2020,75,5400,1,304,1500,137580,0,
Atlanta,20/06/2020,44,5444,0,304,1500,139080,0,
Atlanta,21/06/2020,52,5496,0,304,1500,140580,0,
Atlanta,22/06/2020,209,5705,0,304,1500,142080,0,
Atlanta,23/06/2020,180,5885,0,304,1500,143580,0,
Atlanta,24/06/2020,167,6052,0,304,1500,145080,0,
Atlanta,25/06/2020,111,6163,5,309,1500,146580,0,
Atlanta,26/06/2020,187,6350,2,311,1500,148080,0,
Atlanta,27/06/2020,156,6506,0,311,1500,149580,0,
Baltimore,15/03/2020,1,1,0,0,3,3,200,
Baltimore,16/03/2020,1,2,0,0,3,6,200,
Baltimore,17/03/2020,0,2,0,0,0,6,200,
Baltimore,18/03/2020,2,4,0,0,6,12,200,
Baltimore,19/03/2020,4,8,0,0,12,24,200,
Baltimore,20/03/2020,3,11,0,0,9,33,200,
Baltimore,21/03/2020,4,15,0,0,12,45,200,
Baltimore,22/03/2020,9,24,0,0,27,72,200,
Baltimore,23/03/2020,7,31,0,0,20,92,200,
Baltimore,24/03/2020,10,41,0,0,108,200,200,
Baltimore,25/03/2020,12,53,0,0,323,523,200,
Baltimore,26/03/2020,19,72,0,0,176,699,200,
Baltimore,27/03/2020,16,88,0,0,297,996,200,
Baltimore,28/03/2020,24,112,0,0,126,1122,200,
Baltimore,29/03/2020,17,129,2,2,153,1275,200,
Baltimore,30/03/2020,23,152,0,2,199,1474,200,
Baltimore,31/03/2020,35,187,0,2,284,1758,200,
Baltimore,1/04/2020,34,221,0,2,245,2003,200,
Baltimore,2/04/2020,44,265,0,2,294,2297,200,
Baltimore,3/04/2020,48,313,2,4,254,2551,200,
Baltimore,4/04/2020,30,343,2,6,328,2879,200,
Baltimore,5/04/2020,51,394,1,7,254,3133,200,
Baltimore,6/04/2020,41,435,1,8,136,3269,200,
Baltimore,7/04/2020,24,459,1,9,767,4036,200,
Baltimore,8/04/2020,112,571,1,10,304,4340,200,
Baltimore,9/04/2020,67,638,2,12,379,4719,200,
Baltimore,10/04/2020,51,689,5,17,351,5070,200,
Baltimore,11/04/2020,67,756,5,22,210,5280,200,
Baltimore,12/04/2020,56,812,2,24,368,5648,200,
Baltimore,13/04/2020,61,873,2,26,153,5801,200,
Baltimore,14/04/2020,89,962,3,29,232,6033,200,
Baltimore,15/04/2020,98,1060,0,29,346,6379,200,
Baltimore,16/04/2020,100,1160,2,31,332,6711,200,
Baltimore,17/04/2020,113,1273,7,38,365,7076,200,
Baltimore,18/04/2020,105,1378,5,43,264,7340,200,
Baltimore,19/04/2020,14,1392,8,51,382,7722,200,
Baltimore,20/04/2020,119,1511,3,54,211,7933,200,
Baltimore,21/04/2020,31,1542,5,59,319,8252,200,
Baltimore,22/04/2020,60,1602,5,64,377,8629,200,
Baltimore,23/04/2020,70,1672,2,66,471,9100,200,
Baltimore,24/04/2020,56,1728,5,71,433,9533,200,
Baltimore,25/04/2020,63,1791,7,78,414,9947,200,
Baltimore,26/04/2020,75,1866,1,79,390,10337,200,
Baltimore,27/04/2020,67,1933,9,88,273,10610,200,
Baltimore,28/04/2020,44,1977,2,90,295,10905,200,
Baltimore,29/04/2020,37,2014,11,101,525,11430,200,
Baltimore,30/04/2020,54,2068,11,112,510,11940,200,
Baltimore,1/05/2020,94,2162,3,115,495,12435,200,
Baltimore,2/05/2020,75,2237,11,126,448,12883,100,
Baltimore,3/05/2020,82,2319,3,129,543,13426,100,
Baltimore,4/05/2020,92,2411,0,129,303,13729,100,
Baltimore,5/05/2020,198,2609,4,133,438,14167,100,
Baltimore,6/05/2020,143,2752,7,140,615,14782,100,
Baltimore,7/05/2020,104,2856,9,149,487,15269,100,
Baltimore,8/05/2020,85,2941,6,155,584,15853,100,
Baltimore,9/05/2020,267,3208,8,163,709,16562,100,
Baltimore,10/05/2020,109,3317,6,169,767,17329,100,
Baltimore,11/05/2020,36,3353,2,171,362,17691,100,
Baltimore,12/05/2020,51,3404,7,178,524,18215,100,
Baltimore,13/05/2020,72,3476,8,186,582,18797,100,
Baltimore,14/05/2020,29,3505,6,192,702,19499,100,
Baltimore,15/05/2020,101,3606,0,192,734,20233,100,
Baltimore,16/05/2020,113,3719,8,200,612,20845,100,
Baltimore,17/05/2020,79,3798,3,203,648,21493,10,
Baltimore,18/05/2020,32,3830,5,208,556,22049,10,
Baltimore,19/05/2020,172,4002,2,210,728,22777,10,
Baltimore,20/05/2020,150,4152,5,215,927,23704,10,
Baltimore,21/05/2020,187,4339,3,218,624,24328,10,
Baltimore,22/05/2020,153,4492,2,220,842,25170,10,
Baltimore,23/05/2020,181,4673,9,229,650,25820,10,
Baltimore,24/05/2020,109,4782,2,231,1046,26866,10,
Baltimore,25/05/2020,106,4888,3,234,592,27458,0,
Baltimore,26/05/2020,109,4997,2,236,1020,28478,0,
Baltimore,27/05/2020,57,5054,0,236,1579,30057,0,
Baltimore,28/05/2020,149,5203,4,240,1132,31189,0,
Baltimore,29/05/2020,223,5426,8,248,1048,32237,0,
Baltimore,30/05/2020,138,5564,6,254,909,33146,0,
Baltimore,31/05/2020,40,5604,4,258,848,33994,0,
Baltimore,1/06/2020,0,5604,3,261,848,34842,0,
Baltimore,2/06/2020,84,5688,2,263,1390,36232,0,
Baltimore,3/06/2020,113,5801,3,266,1113,37345,0,
Baltimore,4/06/2020,105,5906,3,269,1276,38621,0,
Baltimore,5/06/2020,132,6038,3,272,1207,39828,0,
Baltimore,6/06/2020,103,6141,4,276,893,40721,0,
Baltimore,7/06/2020,88,6229,5,281,783,41504,0,
Baltimore,8/06/2020,67,6296,1,282,784,42288,0,
Baltimore,9/06/2020,59,6355,5,287,821,43109,0,
Baltimore,10/06/2020,73,6428,2,289,1115,44224,0,
Baltimore,11/06/2020,81,6509,3,292,942,45166,0,
Baltimore,12/06/2020,50,6559,2,294,1019,46185,0,
Baltimore,13/06/2020,74,6633,3,297,819,47004,0,
Baltimore,14/06/2020,56,6689,4,301,820,47824,0,
Baltimore,15/06/2020,58,6747,0,301,1014,48838,0,
Baltimore,16/06/2020,35,6782,3,304,1506,50344,0,
Baltimore,17/06/2020,84,6866,3,307,828,51172,0,
Baltimore,18/06/2020,40,6906,2,309,833,52005,0,
Baltimore,19/06/2020,32,6938,1,310,1140,53145,0,
Baltimore,20/06/2020,55,6993,3,313,910,54055,0,
Baltimore,21/06/2020,60,7053,0,313,718,54773,0,
Baltimore,22/06/2020,42,7095,3,316,1001,55774,0,
Baltimore,23/06/2020,53,7148,3,319,859,56633,0,
Baltimore,24/06/2020,62,7210,6,325,1124,57757,0,
Baltimore,25/06/2020,48,7258,2,327,957,58714,0,
Baltimore,26/06/2020,41,7299,3,330,1006,59720,0,
Baltimore,27/06/2020,64,7363,3,333,731,60451,0,
Baltimore,28/06/2020,53,7416,2,335,999,61450,0,
