location,date,total_cases,new_cases,total_deaths,new_deaths,imported_cases,total_tests,new_tests,import_2,data,
,2020-03-01,9,2,0,0,9,,0,,tests,https://covidlive.com.au/report/daily-tests/vic
,2020-03-02,9,0,0,0,0,,0,,imports,https://covidlive.com.au/report/daily-source-of-infection/vic
,2020-03-03,9,0,0,0,0,,0,,diagnoses,https://www.covid19data.com.au/states-and-territories
,2020-03-04,10,1,0,0,1,,0,,,
,2020-03-05,10,0,0,0,0,,0,,,
,2020-03-06,10,0,0,0,1,,0,,,
,2020-03-07,11,1,0,0,1,,0,,,
,2020-03-08,12,1,0,0,2,,0,,,
,2020-03-09,15,3,0,0,3,,0,,,
,2020-03-10,18,3,0,0,1,,500,,,
,2020-03-11,21,3,0,0,4,,500,,,
,2020-03-12,27,6,0,0,9,,2500,,,
,2020-03-13,36,9,0,0,12,,2500,,,
,2020-03-14,49,13,0,0,4,,2500,,,
,2020-03-15,57,8,0,0,7,,2500,,,
,2020-03-16,71,14,0,0,13,11700,2500,,,
,2020-03-17,94,23,0,0,29,14200,2500,,,
,2020-03-18,121,27,0,0,23,15200,1000,,,
,2020-03-19,150,29,0,0,23,17180,1980,,,
,2020-03-20,178,28,0,0,33,19337,2157,,,
,2020-03-21,229,51,0,0,36,20500,1163,,,
,2020-03-22,296,67,0,0,51,22900,2400,,,
,2020-03-23,355,59,0,0,40,23700,800,,,
,2020-03-24,411,56,0,0,49,25000,1300,,,
,2020-03-25,466,55,0,0,45,25500,500,,,
,2020-03-26,520,54,2,2,33,26900,1400,,,
,2020-03-27,574,54,3,1,73,27800,4100,,,
,2020-03-28,685,111,4,1,46,35000,4000,,,
,2020-03-29,769,84,4,0,26,39000,4000,,,
,2020-03-30,821,52,4,0,29,42000,3000,,,
,2020-03-31,917,96,4,0,63,45000,3000,,,
,2020-04-01,968,51,5,1,45,47000,2000,,,
,2020-04-02,1036,68,6,1,45,49000,2000,,,
,2020-04-03,1085,49,7,1,11,51000,2000,,,
,2020-04-04,1115,30,8,1,3,54000,3000,,,
,2020-04-05,1135,20,8,0,12,56000,2000,,,
,2020-04-06,1158,23,10,2,6,57000,1000,,,
,2020-04-07,1191,33,11,1,15,58000,1000,,,
,2020-04-08,1212,21,12,1,5,60000,2000,,,
,2020-04-09,1228,16,12,0,10,62000,2000,,,
,2020-04-10,1241,13,13,1,5,65000,3000,,,
,2020-04-11,1265,24,14,1,2,67000,2000,,,
,2020-04-12,1268,3,14,0,10,69000,2000,,,
,2020-04-13,1281,13,14,0,9,70000,1000,,,
,2020-04-14,1291,10,14,0,7,71000,1000,,,
,2020-04-15,1299,8,14,0,54,72000,1000,,,
,2020-04-16,1301,2,14,0,2,73000,1000,,,
,2020-04-17,1302,1,14,0,0,75000,2000,,,
,2020-04-18,1319,17,14,0,7,79000,4000,,,
,2020-04-19,1328,9,15,1,6,82000,3000,,,
,2020-04-20,1329,1,15,0,4,86000,4000,,,
,2020-04-21,1336,7,15,0,1,88000,2000,,,
,2020-04-22,1338,2,15,0,3,90000,2000,,,
,2020-04-23,1339,1,16,1,0,93000,3000,,,
,2020-04-24,1345,6,16,0,0,96000,3000,,,
,2020-04-25,1348,3,16,0,1,98000,2000,,,
,2020-04-26,1351,3,17,1,0,101000,3000,,,
,2020-04-27,1352,1,17,0,0,104000,3000,,,
,2020-04-28,1354,2,17,0,0,109049,5049,,,
,2020-04-29,1357,3,18,1,0,111092,2043,,,
,2020-04-30,1364,7,18,0,1,115118,4026,,,
,2020-05-01,1367,3,18,0,0,123707,8589,,,
,2020-05-02,1374,7,18,0,3,129228,5521,,,
,2020-05-03,1387,13,18,0,4,138433,9205,,,
,2020-05-04,1409,22,18,0,0,146661,8228,,,
,2020-05-05,1426,17,18,0,2,151977,5316,,,
,2020-05-06,1443,17,18,0,0,162077,10100,,,
,2020-05-07,1457,14,18,0,8,176507,14430,,,
,2020-05-08,1471,14,18,0,0,193265,16758,,,
,2020-05-09,1482,11,18,0,1,209905,16640,,,
,2020-05-10,1492,10,18,0,0,226889,16984,,,
,2020-05-11,1499,7,18,0,4,245326,18437,,,
,2020-05-12,1516,17,18,0,4,258451,13125,,,
,2020-05-13,1523,7,18,0,0,273255,14804,,,
,2020-05-14,1532,9,18,0,1,289441,16186,,,
,2020-05-15,1553,21,18,0,7,309459,20018,,,
,2020-05-16,1564,11,18,0,6,323970,14511,,,
,2020-05-17,1571,7,18,0,0,338219,14249,,,
,2020-05-18,1579,8,18,0,13,345290,7071,,,
,2020-05-19,1586,7,18,0,0,358120,12830,,,
,2020-05-20,1594,8,18,0,0,367272,9152,,,
,2020-05-21,1598,4,18,0,0,378673,11401,,,
,2020-05-22,1610,12,18,0,2,393103,14430,,,
,2020-05-23,1620,10,19,1,2,398826,5723,,,
,2020-05-24,1622,2,19,0,3,420246,21420,,,
,2020-05-25,1624,2,19,0,2,431878,11632,,,
,2020-05-26,1629,5,19,0,3,437406,5528,,,
,2020-05-27,1637,8,19,0,0,470832,33426,,,
,2020-05-28,1647,10,19,0,2,480693,9861,,,
,2020-05-29,1654,7,19,0,2,493085,12392,,,
,2020-05-30,1665,11,19,0,4,501565,8480,,,
,2020-05-31,1671,6,19,0,0,509691,8126,2,,
Victoria,2020-06-01,4,4,19,0,0,5850,5850,3,,
Victoria,2020-06-02,14,10,19,0,0,11668,5818,0,,
Victoria,2020-06-03,21,7,19,0,0,16816,5148,0,,
Victoria,2020-06-04,29,8,19,0,0,26499,9683,8,,
Victoria,2020-06-05,32,3,19,0,0,33267,6768,4,,
Victoria,2020-06-06,32,0,19,0,0,40035,6768,1,,
Victoria,2020-06-07,36,4,19,0,0,49175,9140,1,,
Victoria,2020-06-08,38,2,19,0,0,52927,3752,2,,
Victoria,2020-06-09,38,0,19,0,0,57108,4181,1,,
Victoria,2020-06-10,42,4,19,0,0,67063,9955,0,,
Victoria,2020-06-11,50,8,19,0,0,73411,6348,0,,
Victoria,2020-06-12,54,4,19,0,0,82204,8793,3,,
Victoria,2020-06-13,62,8,19,0,0,91733,9529,2,,
Victoria,2020-06-14,71,9,19,0,0,100072,8339,6,,
Victoria,2020-06-15,83,12,19,0,0,104084,4012,3,,
Victoria,2020-06-16,92,9,19,0,0,109114,5030,2,,
Victoria,2020-06-17,113,21,19,0,0,118045,8931,4,,
Victoria,2020-06-18,131,18,19,0,0,130445,12400,6,,
Victoria,2020-06-19,144,13,19,0,0,145116,14671,9,,
Victoria,2020-06-20,169,25,19,0,0,154620,9504,4,,
Victoria,2020-06-21,188,19,19,0,0,170020,15400,3,,
Victoria,2020-06-22,204,16,19,0,0,176334,6314,3,,
Victoria,2020-06-23,221,17,19,0,0,184483,8149,5,,
Victoria,2020-06-24,241,20,20,1,0,205482,20999,2,,
Victoria,2020-06-25,274,33,20,0,0,225786,20304,7,,
Victoria,2020-06-26,304,30,20,0,0,245954,20168,7,,
Victoria,2020-06-27,345,41,20,0,0,268057,22103,6,,
Victoria,2020-06-28,394,49,20,0,0,286011,17954,1,,
Victoria,2020-06-29,469,75,20,0,0,301392,15381,1,,
Victoria,2020-06-30,533,64,20,0,0,318808,17416,0,,
Victoria,2020-07-01,606,73,20,0,0,339490,20682,0,,
Victoria,2020-07-02,683,77,20,0,0,365810,26320,1,,
Victoria,2020-07-03,749,66,20,0,0,390240,24430,8,,
Victoria,2020-07-04,857,108,20,0,0,415793,25553,2,,
Victoria,2020-07-05,931,74,20,0,0,437390,21597,2,,
Victoria,2020-07-06,1058,127,22,2,0,461918,24528,2,,
Victoria,2020-07-07,1249,191,22,0,0,488472,26554,1,,
Victoria,2020-07-08,1383,134,22,0,0,517896,29424,1,,
Victoria,2020-07-09,1548,165,22,0,0,539681,21785,2,,
Victoria,2020-07-10,1836,288,22,0,0,577269,37588,1,,
Victoria,2020-07-11,2052,216,23,1,0,604438,27169,0,,
Victoria,2020-07-12,2325,273,24,1,0,634633,30195,1,,
Victoria,2020-07-13,2502,177,24,0,0,657576,22943,1,,
Victoria,2020-07-14,2759,257,,,,679571,21995,,,
Victoria,2020-07-15,2983,224,,,,706611,27040,,,
Victoria,2020-07-16,3285,302,,,,735218,28607,,,
Victoria,2020-07-17,3700,415,,,,759627,24409,,,
Victoria,2020-07-18,3888,188,,,,787731,28104,,,
Victoria,2020-07-19,4231,343,,,,814405,26674,,,
Victoria,2020-07-20,4477,246,,,,840993,26588,,,
Victoria,2020-07-21,4824,347,,,,870457,29464,,,
Victoria,2020-07-22,5274,450,,,,895183,24726,,,
Victoria,2020-07-23,5660,386,,,,922334,27151,,,
Victoria,2020-07-24,5940,280,,,,946452,24118,,,
Victoria,2020-07-25,6279,339,,,,966765,20313,,,
Victoria,2020-07-26,6716,437,,,,1009738,42973,,,
Victoria,2020-07-27,7231,515,,,,1027326,17588,,,
NSW,2020-03-08,2506,4,,,,,,,,
NSW,2020-03-09,2513,7,,,,,,,,
NSW,2020-03-10,2527,14,,,,,,,,
NSW,2020-03-11,2531,4,,,,,,,,
NSW,2020-03-12,2544,13,,,,,,,,
NSW,2020-03-13,2558,14,,,,,,,,
NSW,2020-03-14,2578,20,,,,,,,,
NSW,2020-03-15,2600,22,,,,,,,,
NSW,2020-03-16,2637,37,,,,,,,,
NSW,2020-03-17,2676,39,,,,,,,,
NSW,2020-03-18,2733,57,,,,,,,,
NSW,2020-03-19,2773,40,,,,,,,,
NSW,2020-03-20,2819,46,,,,,,,,
NSW,2020-03-21,2902,83,,,,,,,,
NSW,2020-03-22,2999,97,,,,,,,,
NSW,2020-03-23,3135,136,,,,,,,,
NSW,2020-03-24,3284,149,,,,,,,,
NSW,2020-03-25,3495,211,,,,,,,,
NSW,2020-03-26,3685,190,,,,,,,,
NSW,2020-03-27,3871,186,,,,,,,,
NSW,2020-03-28,4083,212,,,,,,,,
NSW,2020-03-29,4257,174,,,,,,,,
NSW,2020-03-30,4384,127,,,,,,,,
NSW,2020-03-31,4498,114,,,,,,,,
NSW,2020-04-01,4648,150,,,,,,,,
NSW,2020-04-02,4764,116,,,,,,,,
NSW,2020-04-03,4855,91,,,,,,,,
NSW,2020-04-04,4959,104,,,,,,,,
NSW,2020-04-05,5046,87,,,,,,,,
NSW,2020-04-06,5103,57,,,,,,,,
NSW,2020-04-07,5152,49,,,,,,,,
NSW,2020-04-08,5200,48,,,,,,,,
NSW,2020-04-09,5239,39,,,,,,,,
NSW,2020-04-10,5288,49,,,,,,,,
NSW,2020-04-11,5332,44,,,,,,,,
NSW,2020-04-12,5339,7,,,,,,,,
NSW,2020-04-13,5348,9,,,,,,,,
NSW,2020-04-14,5355,7,,,,,,,,
NSW,2020-04-15,5371,16,,,,,,,,
NSW,2020-04-16,5382,11,,,,,,,,
NSW,2020-04-17,5411,29,,,,,,,,
NSW,2020-04-18,5421,10,,,,,,,,
NSW,2020-04-19,5442,21,,,,,,,,
NSW,2020-04-20,5448,6,,,,,,,,
NSW,2020-04-21,5454,6,,,,,,,,
NSW,2020-04-22,5459,5,,,,,,,,
NSW,2020-04-23,5464,5,,,,,,,,
NSW,2020-04-24,5471,7,,,,,,,,
NSW,2020-04-25,5483,12,,,,,,,,
NSW,2020-04-26,5491,8,,,,,,,,
NSW,2020-04-27,5493,2,,,,,,,,
NSW,2020-04-28,5498,5,,,,,,,,
NSW,2020-04-29,5509,11,,,,,,,,
NSW,2020-04-30,5511,2,,,,,,,,
NSW,2020-05-01,5520,9,,,,,,,,
NSW,2020-05-02,5525,5,,,,,,,,
NSW,2020-05-03,5529,4,,,,,,,,
NSW,2020-05-04,5530,1,,,,,,,,
NSW,2020-05-05,5533,3,,,,,,,,
NSW,2020-05-06,5542,9,,,,,,,,
NSW,2020-05-07,5545,3,,,,,,,,
NSW,2020-05-08,5549,4,,,,,,,,
NSW,2020-05-09,5554,5,,,,,,,,
NSW,2020-05-10,5556,2,,,,,,,,
NSW,2020-05-11,5557,1,,,,,,,,
NSW,2020-05-12,5557,0,,,,,,,,
NSW,2020-05-13,5563,6,,,,,,,,
NSW,2020-05-14,5567,4,,,,,,,,
NSW,2020-05-15,5575,8,,,,,,,,
NSW,2020-05-16,5578,3,,,,,,,,
NSW,2020-05-17,5579,1,,,,,,,,
NSW,2020-05-18,5580,1,,,,,,,,
NSW,2020-05-19,5582,2,,,,,,,,
NSW,2020-05-20,5586,4,,,,,,,,
NSW,2020-05-21,5588,2,,,,,,,,
NSW,2020-05-22,5591,3,,,,,,,,
NSW,2020-05-23,5594,3,,,,,,,,
NSW,2020-05-24,5595,1,,,,,,,,
NSW,2020-05-25,5598,3,,,,,,,,
NSW,2020-05-26,5600,2,,,,,,,,
NSW,2020-05-27,5602,2,,,,,,,,
NSW,2020-05-28,5603,1,,,,,,,,
NSW,2020-05-29,5605,2,,,,,,,,
NSW,2020-05-30,5605,0,,,,,,,,
NSW,2020-05-31,5608,3,,,,,,,,
NSW,2020-06-01,5611,3,,,,,,,,
NSW,2020-06-02,5617,6,,,,,,,,
NSW,2020-06-03,5617,0,,,,,,,,
NSW,2020-06-04,5619,2,,,,,,,,
NSW,2020-06-05,5623,4,,,,,,,,
NSW,2020-06-06,5623,0,,,,,,,,
NSW,2020-06-07,5623,0,,,,,,,,
NSW,2020-06-08,5626,3,,,,,,,,
NSW,2020-06-09,5628,2,,,,,,,,
NSW,2020-06-10,5631,3,,,,,,,,
NSW,2020-06-11,5631,0,,,,,,,,
NSW,2020-06-12,5634,3,,,,,,,,
NSW,2020-06-13,5638,4,,,,,,,,
NSW,2020-06-14,5647,9,,,,,,,,
NSW,2020-06-15,5650,3,,,,,,,,
NSW,2020-06-16,5653,3,,,,,,,,
NSW,2020-06-17,5654,1,,,,,,,,
NSW,2020-06-18,5656,2,,,,,,,,
NSW,2020-06-19,5663,7,,,,,,,,
NSW,2020-06-20,5664,1,,,,,,,,
NSW,2020-06-21,5669,5,,,,,,,,
NSW,2020-06-22,5671,2,,,,,,,,
NSW,2020-06-23,5672,1,,,,,,,,
NSW,2020-06-24,5682,10,,,,,,,,
NSW,2020-06-25,5686,4,,,,,,,,
NSW,2020-06-26,5692,6,,,,,,,,
NSW,2020-06-27,5698,6,,,,,,,,
NSW,2020-06-28,5701,3,,,,,,,,
NSW,2020-06-29,5708,7,,,,,,,,
NSW,2020-06-30,5713,5,,,,,,,,
NSW,2020-07-01,5727,14,,,,,,,,
NSW,2020-07-02,5735,8,,,,,,,,
NSW,2020-07-03,5735,0,,,,,,,,
NSW,2020-07-04,5741,6,,,,,,,,
NSW,2020-07-05,5755,14,,,,,,,,
NSW,2020-07-06,5765,10,,,,,,,,
NSW,2020-07-07,5772,7,,,,,,,,
NSW,2020-07-08,5780,8,,,,,,,,
NSW,2020-07-09,5793,13,,,,,,,,
NSW,2020-07-10,5807,14,,,,,,,,
NSW,2020-07-11,5814,7,,,,,,,,
NSW,2020-07-12,5819,5,,,,,,,,
NSW,2020-07-13,5833,14,,,,,,,,
