location,date,cum_infections,cum_deaths,cum_tests,new_diagnoses,new_deaths,new_tests,imported_cases
GP,2020-03-05,0,0,1145,0,0,1145,0
GP,2020-03-06,1,0,2290,1,0,1145,0
GP,2020-03-07,1,0,3435,1,0,1145,0
GP,2020-03-08,1,0,4580,0,0,1145,0
GP,2020-03-09,1,0,5725,0,0,1145,0
GP,2020-03-10,5,0,6870,4,0,1145,0
GP,2020-03-11,5,0,8015,4,0,1145,0
GP,2020-03-12,6,0,9160,1,0,1145,0
GP,2020-03-13,10,0,10305,4,0,1145,0
GP,2020-03-14,17,0,11450,7,0,1145,0
GP,2020-03-15,24,0,12595,7,0,1145,0
GP,2020-03-16,31,0,13740,7,0,1145,0
GP,2020-03-17,45,0,14885,14,0,1145,0
GP,2020-03-18,61,0,16030,16,0,1145,0
GP,2020-03-19,76,0,17175,15,0,1145,0
GP,2020-03-20,109,0,18320,33,0,1145,0
GP,2020-03-21,125,0,19465,16,0,1145,0
GP,2020-03-22,132,0,20610,7,0,1145,0
GP,2020-03-23,207,0,21755,75,0,1145,0
GP,2020-03-24,302,0,22900,95,0,1145,0
GP,2020-03-25,319,0,24045,17,0,1145,0
GP,2020-03-26,409,0,25190,90,0,1145,0
GP,2020-03-27,409,0,26335,0,0,1145,0
GP,2020-03-28,533,0,27480,124,0,1145,0
GP,2020-03-29,584,0,28625,51,0,1145,0
GP,2020-03-30,618,0,29770,34,0,1145,0
GP,2020-03-31,633,1,30915,15,1,1145,0
GP,2020-04-01,645,1,32060,12,0,1145,0
GP,2020-04-02,663,1,33205,18,0,1145,0
GP,2020-04-03,672,1,34350,9,0,1145,0
GP,2020-04-04,693,1,35495,21,0,1145,0
GP,2020-04-05,704,1,36640,11,0,1145,0
GP,2020-04-06,713,1,37785,9,0,1145,0
GP,2020-04-07,713,1,38930,0,0,1145,0
GP,2020-04-08,782,3,40075,69,2,1145,0
GP,2020-04-09,795,3,41220,13,0,1145,0
GP,2020-04-10,801,3,42365,6,0,1145,0
GP,2020-04-11,813,3,43510,12,0,1145,0
GP,2020-04-12,865,3,44655,52,0,1145,0
GP,2020-04-13,890,4,45800,25,1,1145,0
GP,2020-04-14,909,4,46945,19,0,1145,0
GP,2020-04-15,930,5,48090,21,1,1145,0
GP,2020-04-16,969,6,49235,39,1,1145,0
GP,2020-04-17,1018,6,50380,49,0,1145,0
GP,2020-04-18,1101,6,51525,83,0,1145,0
GP,2020-04-19,1148,6,52670,47,0,1145,0
GP,2020-04-20,1170,7,53815,22,1,1145,0
GP,2020-04-21,1199,7,54960,29,0,1145,0
GP,2020-04-22,1224,7,56105,25,0,1145,0
GP,2020-04-23,1252,8,57250,28,1,1145,0
GP,2020-04-24,1281,8,58395,29,0,1145,0
GP,2020-04-25,1304,8,59540,23,0,1145,0
GP,2020-04-26,1331,8,60685,27,0,1145,0
GP,2020-04-27,1353,8,61830,22,0,1145,0
GP,2020-04-28,1377,8,65714,24,0,3884,0
GP,2020-04-29,1408,11,69598,31,3,3884,0
GP,2020-04-30,1446,11,73482,38,0,3884,0
GP,2020-05-01,1507,11,77366,61,0,3884,100
GP,2020-05-02,1598,12,81250,91,1,3884,100
GP,2020-05-03,1624,14,85134,26,2,3884,100
GP,2020-05-04,1651,14,89550,27,0,4416,100
GP,2020-05-05,1697,15,93966,46,1,4416,100
GP,2020-05-06,1720,15,98382,23,0,4416,100
GP,2020-05-07,1804,15,102798,84,0,4416,100
GP,2020-05-08,1851,18,107214,47,3,4416,100
GP,2020-05-09,1910,19,111630,59,1,4416,100
GP,2020-05-10,1952,22,115480,42,3,3850,100
GP,2020-05-11,1971,22,119330,19,0,3850,100
GP,2020-05-12,2014,22,123180,43,0,3850,100
GP,2020-05-13,2074,24,127030,60,2,3850,100
GP,2020-05-14,2135,24,132653,61,0,5623,100
GP,2020-05-15,2210,24,138276,75,0,5623,100
GP,2020-05-16,2262,25,143899,52,1,5623,100
GP,2020-05-17,2329,25,149522,67,0,5623,100
GP,2020-05-18,2343,26,155145,14,1,5623,100
GP,2020-05-19,2361,27,160768,18,1,5623,100
GP,2020-05-20,2400,27,166391,39,0,5623,100
GP,2020-05-21,2453,27,172586,53,0,6195,100
GP,2020-05-22,2521,29,178781,68,2,6195,100
GP,2020-05-23,2633,29,184976,112,0,6195,100
GP,2020-05-24,2773,29,191171,140,0,6195,100
GP,2020-05-25,2993,30,197366,220,1,6195,100
GP,2020-05-26,3043,31,203561,50,1,6195,100
GP,2020-05-27,3167,31,209756,124,0,6195,100
GP,2020-05-28,3329,31,215951,162,0,6195,100
GP,2020-05-29,3583,31,222146,254,0,6195,100
GP,2020-05-30,3773,31,228341,190,0,6195,100
GP,2020-05-31,4003,33,234536,230,2,6195,100
GP,2020-06-01,4231,33,240731,228,0,6195,400
GP,2020-06-02,4276,33,246926,45,0,6195,400
GP,2020-06-03,4567,33,253121,291,0,6195,400
GP,2020-06-04,4845,33,259316,278,0,6195,400
GP,2020-06-05,5215,40,265511,370,7,6195,400
GP,2020-06-06,5626,47,271706,411,7,6195,400
GP,2020-06-07,5946,47,277901,320,0,6195,400
GP,2020-06-08,6258,47,284096,312,0,6195,400
GP,2020-06-09,6546,57,290291,288,10,6195,400
GP,2020-06-10,7195,57,296486,649,0,6195,400
GP,2020-06-11,7953,57,302681,758,0,6195,400
GP,2020-06-12,8781,57,308876,828,0,6195,400
GP,2020-06-13,9897,81,316376,1116,24,7500,400
GP,2020-06-14,11164,81,323876,1267,0,7500,400
GP,2020-06-15,12193,87,331376,1029,6,7500,400
GP,2020-06-16,13023,87,338876,830,0,7500,400
GP,2020-06-17,14620,87,346376,1597,0,7500,400
GP,2020-06-18,15898,87,353876,1278,0,7500,400
GP,2020-06-19,17261,114,361376,1363,27,7500,400
GP,2020-06-20,18978,114,368876,1717,0,7500,400
GP,2020-06-21,20822,122,376376,1844,8,7500,400
GP,2020-06-22,22341,122,383876,1519,0,7500,400
GP,2020-06-23,24041,122,391376,1700,0,7500,400
GP,2020-06-24,26156,147,398876,2115,25,7500,400
GP,2020-06-25,28746,149,407876,2590,2,9000,400
GP,2020-06-26,31344,149,416876,2598,0,9000,400
GP,2020-06-27,34285,166,425876,2941,17,9000,400
GP,2020-06-28,36895,174,434876,2610,8,9000,400
GP,2020-06-29,39841,180,443876,2946,6,9000,400
GP,2020-06-30,42881,216,452876,3040,36,9000,400
GP,2020-07-01,45944,244,461876,3063,28,9000,400
GP,2020-07-02,49937,282,470876,3993,38,9000,400
GP,2020-07-03,54331,282,479876,4394,0,9000,400
GP,2020-07-04,59373,282,491876,5042,0,12000,400
GP,2020-07-05,63404,353,503876,4031,71,12000,400
GP,2020-07-06,66891,403,515876,3487,50,12000,400
GP,2020-07-07,71488,478,527876,4597,75,12000,400
GP,2020-07-08,75015,478,539876,3527,0,12000,400
GP,2020-07-09,81546,515,551876,6531,37,12000,400
GP,2020-07-10,87033,554,563876,5487,39,12000,400
GP,2020-07-11,93044,580,575876,6011,26,12000,400
GP,2020-07-12,98431,644,587876,5387,64,12000,400
GP,2020-07-13,103713,644,599876,5282,0,12000,400
