﻿location,date,cum_infections,new_diagnoses,cum_deaths,new_deaths,cum_tests,new_tests,n_severe,n_critical,cum_recovered,cum_neg,imported_cases
Manaus,2020-03-28,105,0,0,0,700,600,,,,,100
Manaus,2020-03-29,131,26,0,0,1300,600,,,,,100
Manaus,2020-03-30,140,9,0,0,1900,600,,,,,100
Manaus,2020-03-31,159,19,2,2,2500,600,,,,,100
Manaus,2020-04-01,179,20,2,0,3100,600,,,,,100
Manaus,2020-04-02,205,26,2,0,3700,600,,,,,100
Manaus,2020-04-03,232,27,4,2,4300,600,,,,,100
Manaus,2020-04-04,283,51,9,5,4900,600,,,,,100
Manaus,2020-04-05,379,96,10,1,5500,600,,,,,100
Manaus,2020-04-06,473,94,15,5,6100,600,,,,,100
Manaus,2020-04-07,560,87,19,4,6700,600,,,,,100
Manaus,2020-04-08,712,152,24,5,7300,600,,,,,100
Manaus,2020-04-09,800,88,33,9,7900,600,,,,,100
Manaus,2020-04-10,863,63,42,9,8500,600,,,,,150
Manaus,2020-04-11,932,69,45,3,9100,600,,,,,150
Manaus,2020-04-12,1053,121,52,7,9700,600,,,,,150
Manaus,2020-04-13,1106,53,62,10,10300,600,,,,,150
Manaus,2020-04-14,1295,189,81,19,10900,600,,,,,150
Manaus,2020-04-15,1350,55,92,11,11500,600,,,,,150
Manaus,2020-04-16,1459,109,107,15,12100,600,,,,,150
Manaus,2020-04-17,1531,72,127,20,12700,600,,,,,150
Manaus,2020-04-18,1593,62,134,7,13300,600,,,,,150
Manaus,2020-04-19,1664,71,156,22,13900,600,,,,,150
Manaus,2020-04-20,1772,108,156,0,14500,600,,,,,150
Manaus,2020-04-21,1809,37,163,7,15100,600,,,,,150
Manaus,2020-04-22,1958,149,172,9,15700,600,,,,,150
Manaus,2020-04-23,2286,328,193,21,16300,600,,,,,150
Manaus,2020-04-24,2481,195,207,14,16900,600,,,,,150
Manaus,2020-04-25,2678,197,233,26,17500,600,,,,,150
Manaus,2020-04-26,2722,44,246,13,18100,600,,,,,150
Manaus,2020-04-27,2738,16,256,10,18700,600,,,,,150
Manaus,2020-04-28,2899,161,274,18,19300,600,,,,,150
Manaus,2020-04-29,3091,192,288,14,19900,600,,,,,150
Manaus,2020-04-30,3273,182,312,24,20750,850,,,,,150
Manaus,2020-05-01,3491,218,357,45,21600,850,,,,,150
Manaus,2020-05-02,3658,167,368,11,22450,850,,,,,150
Manaus,2020-05-03,4072,414,396,28,23300,850,,,,,150
Manaus,2020-05-04,4344,272,418,22,24150,850,,,,,150
Manaus,2020-05-05,4804,460,459,41,25000,850,,,,,150
Manaus,2020-05-06,5474,670,532,73,25850,850,,,,,150
Manaus,2020-05-07,5897,423,563,31,26700,850,,,,,150
Manaus,2020-05-08,6034,137,604,41,27550,850,,,,,150
Manaus,2020-05-09,6743,709,660,56,28650,1100,,,,,150
Manaus,2020-05-10,7198,455,680,20,29750,1100,,,,,150
Manaus,2020-05-11,7264,66,691,11,30850,1100,,,,,150
Manaus,2020-05-12,7877,613,726,35,31950,1100,,,,,150
Manaus,2020-05-13,8630,753,757,31,33050,1100,,,,,150
Manaus,2020-05-14,9410,780,809,52,34150,1100,,,,,150
Manaus,2020-05-15,9713,303,888,79,35250,1100,,,,,150
Manaus,2020-05-16,10297,584,920,32,36350,1100,,,,,150
Manaus,2020-05-17,10407,110,949,29,37450,1100,,,,,150
Manaus,2020-05-18,10660,253,951,2,38550,1100,,,,,150
Manaus,2020-05-19,11051,391,999,48,39650,1100,,,,,150
Manaus,2020-05-20,11643,592,1057,58,40750,1100,,,,,150
Manaus,2020-05-21,12317,674,1094,37,41850,1100,,,,,150
Manaus,2020-05-22,12967,650,1127,33,43200,1350,,,,,150
Manaus,2020-05-23,13624,657,1176,49,44550,1350,,,,,150
Manaus,2020-05-24,13881,257,1182,6,45900,1350,,,,,150
Manaus,2020-05-25,13979,98,1190,8,47250,1350,,,,,150
Manaus,2020-05-26,14402,423,1248,58,48600,1350,,,,,150
Manaus,2020-05-27,14800,398,1272,24,49950,1350,,,,,150
Manaus,2020-05-28,15769,969,1314,42,51300,1350,,,,,150
Manaus,2020-05-29,17492,1723,1349,35,52650,1350,,,,,150
Manaus,2020-05-30,18139,647,1366,17,54000,1350,,,,,150
Manaus,2020-05-31,18293,154,1366,0,55600,1600,,,,,150
Manaus,2020-06-01,18367,74,1371,5,57450,1850,,,,,150
Manaus,2020-06-02,18981,614,1390,19,59550,2100,,,,,150
Manaus,2020-06-03,19043,62,1407,17,61900,2350,,,,,150
Manaus,2020-06-04,19962,919,1442,35,64500,2600,,,,,150
Manaus,2020-06-05,20422,460,1432,-10,67350,2850,,,,,150
Manaus,2020-06-06,20785,363,1462,30,70450,3100,,,,,150
Manaus,2020-06-07,20837,52,1466,4,73800,3350,,,,,150
Manaus,2020-06-08,20948,111,1475,9,77400,3600,,,,,150
Manaus,2020-06-09,21605,657,1501,26,81250,3850,,,,,150
Manaus,2020-06-10,22159,554,1534,33,85350,4100,,,,,150
Manaus,2020-06-11,22504,345,1560,26,89700,4350,,,,,150
Manaus,2020-06-12,22635,131,1576,16,94300,4600,,,,,150
Manaus,2020-06-13,22894,259,1596,20,99150,4850,,,,,150
Manaus,2020-06-14,23101,207,1614,18,104250,5100,,,,,150
Manaus,2020-06-15,23138,37,1620,6,109600,5350,,,,,150
SP,28/03/2020,1149,0,76,0,10000,500,,,,,500
SP,29/03/2020,1183,34,89,13,10595,595,,,,,500
SP,30/03/2020,1233,50,103,14,11285,690,,,,,500
SP,31/03/2020,1885,652,121,18,12070,785,,,,,500
SP,1/04/2020,2418,533,144,23,12950,880,,,,,500
SP,2/04/2020,2815,397,164,20,13925,975,,,,,500
SP,3/04/2020,3202,387,186,22,14995,1070,,,,,500
SP,4/04/2020,3496,294,212,26,16160,1165,,,,,500
SP,5/04/2020,3612,116,220,8,17420,1260,,,,,500
SP,6/04/2020,3754,142,244,24,18775,1355,,,,,500
SP,7/04/2020,4258,504,296,52,20225,1450,,,,,500
SP,8/04/2020,4946,688,339,43,21770,1545,,,,,500
SP,9/04/2020,5477,531,384,45,23410,1640,,,,,500
SP,10/04/2020,5982,505,409,25,25145,1735,,,,,500
SP,11/04/2020,6131,149,422,13,26975,1830,,,,,500
SP,12/04/2020,6352,221,445,23,28900,1925,,,,,500
SP,13/04/2020,6418,66,456,11,30920,2020,,,,,500
SP,14/04/2020,6705,287,512,56,33035,2115,,,,,500
SP,15/04/2020,7764,1059,558,46,35245,2210,,,,,300
SP,16/04/2020,7908,144,603,45,37550,2305,,,,,300
SP,17/04/2020,8744,836,643,40,39950,2400,,,,,300
SP,18/04/2020,9428,684,686,43,42445,2495,,,,,300
SP,19/04/2020,9668,240,700,14,45035,2590,,,,,300
SP,20/04/2020,9815,147,715,15,47720,2685,,,,,300
SP,21/04/2020,10342,527,753,38,50500,2780,,,,,300
SP,22/04/2020,10691,349,778,25,53375,2875,,,,,300
SP,23/04/2020,11225,534,912,134,56345,2970,,,,,300
SP,24/04/2020,11800,575,1010,98,59410,3065,,,,,300
SP,25/04/2020,13098,1298,1099,89,62570,3160,,,,,300
SP,26/04/2020,13513,415,1114,15,65825,3255,,,,,300
SP,27/04/2020,13989,476,1172,58,69175,3350,,,,,300
SP,28/04/2020,15397,1408,1321,149,72620,3445,,,,,200
SP,29/04/2020,16638,1241,1439,118,76160,3540,,,,,200
SP,30/04/2020,18149,1511,1522,83,79795,3635,,,,,200
SP,1/05/2020,19087,938,1607,85,83525,3730,,,,,200
SP,2/05/2020,19494,407,1661,54,87350,3825,,,,,200
SP,3/05/2020,19822,328,1673,12,91270,3920,,,,,200
SP,4/05/2020,20073,251,1683,10,95285,4015,,,,,200
SP,5/05/2020,21140,1067,1801,118,99395,4110,,,,,200
SP,6/05/2020,23187,2047,1910,109,103600,4205,,,,,200
SP,7/05/2020,24273,1086,1986,76,107900,4300,,,,,200
SP,8/05/2020,25366,1093,2110,124,112295,4395,,,,,200
SP,9/05/2020,26787,1421,2223,113,116785,4490,,,,,200
SP,10/05/2020,27307,520,2266,43,121370,4585,,,,,200
SP,11/05/2020,27771,464,2283,17,126050,4680,,,,,200
SP,12/05/2020,28682,911,2407,124,130825,4775,,,,,200
SP,13/05/2020,30402,1720,2496,89,135695,4870,,,,,200
SP,14/05/2020,31873,1471,2596,100,140660,4965,,,,,180
SP,15/05/2020,33992,2119,2674,78,145720,5060,,,,,180
SP,16/05/2020,35429,1437,2792,118,150875,5155,,,,,180
SP,17/05/2020,35931,502,2835,43,156125,5250,,,,,180
SP,18/05/2020,36188,257,2856,21,161470,5345,,,,,180
SP,19/05/2020,37640,1452,3029,173,166910,5440,,,,,180
SP,20/05/2020,39466,1826,3135,106,172445,5535,,,,,180
SP,21/05/2020,41451,1985,3238,103,178075,5630,,,,,180
SP,22/05/2020,42973,1522,3352,114,183800,5725,,,,,180
SP,23/05/2020,44887,1914,3491,139,189620,5820,,,,,180
SP,24/05/2020,45527,640,3534,43,195535,5915,,,,,180
SP,25/05/2020,46204,677,3555,21,201545,6010,,,,,100
SP,26/05/2020,47554,1350,3691,136,207650,6105,,,,,100
SP,27/05/2020,49264,1710,3826,135,213850,6200,,,,,100
SP,28/05/2020,52719,3455,3958,132,220145,6295,,,,,100
SP,29/05/2020,55741,3022,4116,158,226535,6390,,,,,100
SP,30/05/2020,58619,2878,4239,123,233020,6485,,,,,100
SP,31/05/2020,60131,1512,4280,41,239600,6580,,,,,100
SP,1/06/2020,61126,995,4304,24,246275,6675,,,,,100
SP,2/06/2020,64443,3317,4443,139,253045,6770,,,,,100
SP,3/06/2020,66777,2334,4564,121,259910,6865,,,,,100
SP,4/06/2020,69347,2570,4674,110,266870,6960,,,,,100
SP,5/06/2020,71453,2106,4805,131,273925,7055,,,,,50
SP,6/06/2020,73861,2408,4901,96,281075,7150,,,,,50
SP,7/06/2020,74796,935,4920,19,288320,7245,,,,,50
SP,8/06/2020,75699,903,4937,17,295660,7340,,,,,50
SP,9/06/2020,78026,2327,5073,136,303095,7435,,,,,50
SP,10/06/2020,80457,2431,5232,159,310625,7530,,,,,50
SP,11/06/2020,83076,2619,5357,125,318250,7625,,,,,50
SP,12/06/2020,85622,2546,5480,123,325970,7720,,,,,50
SP,13/06/2020,88025,2403,5599,119,333785,7815,,,,,50
SP,14/06/2020,91198,3173,5623,24,341695,7910,,,,,50
SP,15/06/2020,93448,2250,5652,29,349695,8000,,,,,50
Rio de Janerio,2020-03-28,489,0,9,0,2560,0,,,,,100
Rio de Janerio,2020-03-29,516,27,13,4,3068,508,,,,,100
Rio de Janerio,2020-03-30,553,37,13,0,3576,508,,,,,100
Rio de Janerio,2020-03-31,586,33,18,5,4084,508,,,,,100
Rio de Janerio,2020-04-01,697,111,20,2,4592,508,,,,,100
Rio de Janerio,2020-04-02,798,101,31,11,5100,508,,,,,100
Rio de Janerio,2020-04-03,867,69,36,5,5608,508,,,,,100
Rio de Janerio,2020-04-04,982,115,38,2,6116,508,,,,,100
Rio de Janerio,2020-04-05,1068,86,42,4,6624,508,,,,,100
Rio de Janerio,2020-04-06,1110,42,47,5,7132,508,,,,,100
Rio de Janerio,2020-04-07,1251,141,59,12,7640,508,,,,,100
Rio de Janerio,2020-04-08,1449,198,73,14,8148,508,,,,,100
Rio de Janerio,2020-04-09,1633,184,82,9,8656,508,,,,,100
Rio de Janerio,2020-04-10,1808,175,92,10,9164,508,,,,,150
Rio de Janerio,2020-04-11,1905,97,98,6,9672,508,,,,,150
Rio de Janerio,2020-04-12,1996,91,106,8,10180,508,,,,,150
Rio de Janerio,2020-04-13,2322,326,115,9,10688,508,,,,,150
Rio de Janerio,2020-04-14,2393,71,140,25,11196,508,,,,,150
Rio de Janerio,2020-04-15,2519,126,167,27,11704,508,,,,,150
Rio de Janerio,2020-04-16,2659,140,195,28,12212,508,,,,,150
Rio de Janerio,2020-04-17,2946,287,219,24,12720,508,,,,,150
Rio de Janerio,2020-04-18,3059,113,237,18,13228,508,,,,,150
Rio de Janerio,2020-04-19,3126,67,245,8,13736,508,,,,,150
Rio de Janerio,2020-04-20,3243,117,257,12,14244,508,,,,,150
Rio de Janerio,2020-04-21,3587,344,283,26,14752,508,,,,,150
Rio de Janerio,2020-04-22,3656,69,303,20,15260,508,,,,,400
Rio de Janerio,2020-04-23,4027,371,322,19,15768,508,,,,,400
Rio de Janerio,2020-04-24,4091,64,347,25,16276,508,,,,,400
Rio de Janerio,2020-04-25,4481,390,367,20,16784,508,,,,,400
Rio de Janerio,2020-04-26,4498,17,382,15,17292,508,,,,,400
Rio de Janerio,2020-04-27,5261,763,404,22,17800,508,,,,,400
Rio de Janerio,2020-04-28,5554,293,456,52,18308,508,,,,,400
Rio de Janerio,2020-04-29,5689,135,496,40,18816,508,,,,,400
Rio de Janerio,2020-04-30,5903,214,535,39,19324,508,,,,,400
Rio de Janerio,2020-05-01,6189,286,574,39,19832,508,,,,,400
Rio de Janerio,2020-05-02,6448,259,603,29,20340,508,,,,,400
Rio de Janerio,2020-05-03,6750,302,631,28,20848,508,,,,,400
Rio de Janerio,2020-05-04,7283,533,670,39,21356,508,,,,,400
Rio de Janerio,2020-05-05,7832,549,713,43,21864,508,,,,,600
Rio de Janerio,2020-05-06,8577,745,764,51,22372,508,,,,,600
Rio de Janerio,2020-05-07,9051,474,919,155,22880,508,,,,,600
Rio de Janerio,2020-05-08,9672,621,1002,83,23388,508,,,,,600
Rio de Janerio,2020-05-09,10479,807,1092,90,23896,508,,,,,600
Rio de Janerio,2020-05-10,10520,41,1126,34,24404,508,,,,,600
Rio de Janerio,2020-05-11,10619,99,1172,46,24912,508,,,,,600
Rio de Janerio,2020-05-12,10816,197,1279,107,25420,508,,,,,600
Rio de Janerio,2020-05-13,11026,210,1363,84,25928,508,,,,,600
Rio de Janerio,2020-05-14,11264,238,1509,146,26436,508,,,,,600
Rio de Janerio,2020-05-15,11715,451,1631,122,26944,508,,,,,600
Rio de Janerio,2020-05-16,12295,580,1751,120,27452,508,,,,,600
Rio de Janerio,2020-05-17,12921,626,1841,90,27960,508,,,,,600
Rio de Janerio,2020-05-18,13443,522,1960,119,28468,508,,,,,600
Rio de Janerio,2020-05-19,14531,1088,2135,175,28976,508,,,,,600
Rio de Janerio,2020-05-20,17066,2535,2249,114,29484,508,,,,,600
Rio de Janerio,2020-05-21,18743,1677,2376,127,29992,508,,,,,600
Rio de Janerio,2020-05-22,20161,1418,2520,144,30500,508,,,,,600
Rio de Janerio,2020-05-23,21043,882,2702,182,31008,508,,,,,600
Rio de Janerio,2020-05-24,21775,732,2755,53,31516,508,,,,,600
Rio de Janerio,2020-05-25,22466,691,2831,76,32024,508,,,,,600
Rio de Janerio,2020-05-26,23290,824,2978,147,32532,508,,,,,800
Rio de Janerio,2020-05-27,24750,1460,3135,157,33040,508,,,,,800
Rio de Janerio,2020-05-28,25974,1224,3293,158,33548,508,,,,,800
Rio de Janerio,2020-05-29,27311,1337,3430,137,34056,508,,,,,800
Rio de Janerio,2020-05-30,28481,1170,3525,95,34564,508,,,,,800
Rio de Janerio,2020-05-31,29157,676,3578,53,35072,508,,,,,800
Rio de Janerio,2020-06-01,30014,857,3671,93,35580,508,,,,,800
Rio de Janerio,2020-06-02,31204,1190,3828,157,36088,508,,,,,800
Rio de Janerio,2020-06-03,32951,1747,4055,227,36612,524,,,,,800
Rio de Janerio,2020-06-04,33695,744,4231,176,37136,524,,,,,800
Rio de Janerio,2020-06-05,35043,1348,4309,78,37660,524,,,,,800
Rio de Janerio,2020-06-06,35703,660,4401,92,38184,524,,,,,800
Rio de Janerio,2020-06-07,36115,412,4462,61,38708,524,,,,,800
Rio de Janerio,2020-06-08,36893,778,4516,54,39232,524,,,,,800
Rio de Janerio,2020-06-09,37903,1010,4599,83,39756,524,,,,,800
Rio de Janerio,2020-06-10,38960,1057,4716,117,40280,524,,,,,800
Rio de Janerio,2020-06-11,40017,1057,4850,134,40804,524,,,,,800
Rio de Janerio,2020-06-12,40504,487,4877,27,41328,524,,,,,800
Rio de Janerio,2020-06-13,41411,907,4993,116,41852,524,,,,,800
Rio de Janerio,2020-06-14,41768,357,5043,50,42376,524,,,,,800
Rio de Janerio,2020-06-15,42385,617,5090,47,42900,524,,,,,800
Fortaleza,2020-03-28,304,0,4,0,1600,0,,,,,100
Fortaleza,2020-03-29,338,34,5,1,2215,615,,,,,100
Fortaleza,2020-03-30,353,15,5,0,2830,615,,,,,100
Fortaleza,2020-03-31,371,18,6,1,3445,615,,,,,100
Fortaleza,2020-04-01,413,42,6,0,4060,615,,,,,100
Fortaleza,2020-04-02,507,94,16,10,4675,615,,,,,100
Fortaleza,2020-04-03,600,93,17,1,5290,615,,,,,100
Fortaleza,2020-04-04,680,80,17,0,5905,615,,,,,100
Fortaleza,2020-04-05,744,64,20,3,6520,615,,,,,100
Fortaleza,2020-04-06,925,181,24,4,7135,615,,,,,100
Fortaleza,2020-04-07,1053,128,30,6,7750,615,,,,,100
Fortaleza,2020-04-08,1213,160,41,11,8365,615,,,,,100
Fortaleza,2020-04-09,1283,70,45,4,8980,615,,,,,100
Fortaleza,2020-04-10,1366,83,53,8,9595,615,,,,,100
Fortaleza,2020-04-11,1457,91,58,5,10210,615,,,,,100
Fortaleza,2020-04-12,1529,72,59,1,10825,615,,,,,100
Fortaleza,2020-04-13,1686,157,78,19,11440,615,,,,,100
Fortaleza,2020-04-14,1794,108,86,8,12055,615,,,,,100
Fortaleza,2020-04-15,1946,152,93,7,12670,615,,,,,100
Fortaleza,2020-04-16,2041,95,95,2,13285,615,,,,,100
Fortaleza,2020-04-17,2263,222,113,18,13900,615,,,,,100
Fortaleza,2020-04-18,2562,299,141,28,14515,615,,,,,100
Fortaleza,2020-04-19,2688,126,148,7,15130,615,,,,,100
Fortaleza,2020-04-20,2840,152,164,16,15745,615,,,,,100
Fortaleza,2020-04-21,3018,178,178,14,16360,615,,,,,100
Fortaleza,2020-04-22,3303,285,189,11,16980,620,,,,,100
Fortaleza,2020-04-23,3791,488,212,23,17572,592,,,,,100
Fortaleza,2020-04-24,4063,272,228,16,19753,2181,,,,,100
Fortaleza,2020-04-25,4541,478,259,31,20743,990,,,,,100
Fortaleza,2020-04-26,4852,311,285,26,21733,990,,,,,100
Fortaleza,2020-04-27,5280,428,310,25,22724,991,,,,,100
Fortaleza,2020-04-28,5481,201,329,19,23428,704,,,,,100
Fortaleza,2020-04-29,5712,231,349,20,25017,1589,,,,,100
Fortaleza,2020-04-30,5875,163,373,24,26764,1747,,,,,100
Fortaleza,2020-05-01,6083,208,403,30,28504,1740,,,,,100
Fortaleza,2020-05-02,6353,270,498,95,30244,1740,,,,,100
Fortaleza,2020-05-03,6417,64,528,30,31984,1740,,,,,100
Fortaleza,2020-05-04,8198,1781,553,25,33724,1740,,,,,100
Fortaleza,2020-05-05,8509,311,608,55,35464,1740,,,,,100
Fortaleza,2020-05-06,9061,552,651,43,37204,1740,,,,,100
Fortaleza,2020-05-07,9669,608,694,43,38944,1740,,,,,100
Fortaleza,2020-05-08,10348,679,741,47,40684,1740,,,,,100
Fortaleza,2020-05-09,10995,647,809,68,42424,1740,,,,,100
Fortaleza,2020-05-10,11556,561,840,31,44164,1740,,,,,100
Fortaleza,2020-05-11,11935,379,893,53,45904,1740,,,,,100
Fortaleza,2020-05-12,12484,549,950,57,47638,1734,,,,,100
Fortaleza,2020-05-13,13037,553,1022,72,49155,1517,,,,,100
Fortaleza,2020-05-14,13777,740,1039,17,53980,4825,,,,,100
Fortaleza,2020-05-15,14259,482,1088,49,58974,4994,,,,,100
Fortaleza,2020-05-16,15162,903,1163,75,59920,946,,,,,100
Fortaleza,2020-05-17,15371,209,1174,11,61238,1318,,,,,100
Fortaleza,2020-05-18,16169,798,1253,79,65060,3822,,,,,100
Fortaleza,2020-05-19,16784,615,1307,54,70193,5133,,,,,100
Fortaleza,2020-05-20,18010,1226,1333,26,75326,5133,,,,,100
Fortaleza,2020-05-21,18644,634,1503,170,80234,4908,,,,,100
Fortaleza,2020-05-22,19270,626,1548,45,85142,4908,,,,,100
Fortaleza,2020-05-23,19552,282,1574,26,86209,1067,,,,,100
Fortaleza,2020-05-24,19795,243,1579,5,87276,1067,,,,,100
Fortaleza,2020-05-25,20146,351,1687,108,88342,1066,,,,,100
Fortaleza,2020-05-26,20789,643,1769,82,90476,2134,,,,,100
Fortaleza,2020-05-27,20939,150,1783,14,91287,811,,,,,100
Fortaleza,2020-05-28,21328,389,1804,21,91499,212,,,,,100
Fortaleza,2020-05-29,21705,377,1877,73,92515,1016,,,,,100
Fortaleza,2020-05-30,23378,1673,1939,62,101024,8509,,,,,100
Fortaleza,2020-05-31,23613,235,1967,28,109533,8509,,,,,100
Fortaleza,2020-06-01,24104,491,2084,117,118041,8508,,,,,100
Fortaleza,2020-06-02,24897,793,2231,147,123336,5295,,,,,100
Fortaleza,2020-06-03,25726,829,2334,103,128630,5294,,,,,100
Fortaleza,2020-06-04,26514,788,2424,90,137434,8804,,,,,100
Fortaleza,2020-06-05,26933,419,2444,20,138813,1379,,,,,100
Fortaleza,2020-06-06,27320,387,2459,15,140192,1379,,,,,100
Fortaleza,2020-06-07,27411,91,2458,-1,141571,1379,,,,,100
Fortaleza,2020-06-08,27706,295,2539,81,142950,1379,,,,,100
Fortaleza,2020-06-09,28366,660,2615,76,144329,1379,,,,,100
Fortaleza,2020-06-10,29141,775,2697,82,145705,1376,,,,,100
Fortaleza,2020-06-11,29711,570,2783,86,147081,1376,,,,,100
Fortaleza,2020-06-12,30171,460,2843,60,148457,1376,,,,,100
Fortaleza,2020-06-13,30323,152,2851,8,149833,1376,,,,,100
Fortaleza,2020-06-14,30409,86,2853,2,151209,1376,,,,,100
Fortaleza,2020-06-15,30863,454,2915,62,152585,1376,,,,,100
