location,date,new_diagnoses,new_diagnoses_all,new_tests,cum_tests,cum_diagnoses,cum_diagnoses_all,cum_deaths,new_deaths,index,
QLD,2020-02-15,0,0,2,2,0,9,0,0,0,60
QLD,2020-02-16,0,1,3,5,0,10,0,0,1,65
QLD,2020-02-17,0,0,2,7,0,10,0,0,2,62
QLD,2020-02-18,0,0,3,10,0,10,0,0,3,77
QLD,2020-02-19,0,1,4,14,0,11,0,0,4,92
QLD,2020-02-20,0,2,3,17,0,13,0,0,5,87
QLD,2020-02-21,0,2,3,20,0,15,0,0,6,72
QLD,2020-02-22,0,1,3,23,0,16,0,0,7,87
QLD,2020-02-23,0,1,4,27,0,17,0,0,8,99
QLD,2020-02-24,0,0,5,32,0,17,0,0,9,122
QLD,2020-02-25,0,1,6,38,0,18,0,0,10,151
QLD,2020-02-26,0,1,7,45,0,19,0,0,11,181
QLD,2020-02-27,0,2,7,52,0,21,0,0,12,175
QLD,2020-02-28,0,0,7,59,0,21,0,0,13,167
QLD,2020-02-29,0,0,9,68,0,21,0,0,14,229
QLD,2020-03-01,0,2,12,80,0,23,0,0,15,305
QLD,2020-03-02,1,4,16,96,1,27,0,0,16,399
QLD,2020-03-03,0,2,21,117,1,29,0,0,17,528
QLD,2020-03-04,1,1,26,143,2,30,0,0,18,663
QLD,2020-03-05,0,3,25,168,2,33,0,0,19,635
QLD,2020-03-06,1,6,24,192,3,39,0,0,20,615
QLD,2020-03-07,2,7,40,232,5,46,0,0,21,1027
QLD,2020-03-08,1,13,54,286,6,59,0,0,22,1373
QLD,2020-03-09,3,23,65,351,9,82,0,0,23,1663
QLD,2020-03-10,1,18,86,437,10,100,1,1,24,2202
QLD,2020-03-11,4,22,114,551,14,122,1,0,25,2914
QLD,2020-03-12,10,27,105,656,24,149,1,0,26,2675
QLD,2020-03-13,6,31,93,749,30,180,1,0,27,2384
QLD,2020-03-14,6,27,110,859,36,207,1,0,28,2797
QLD,2020-03-15,9,40,109,968,45,247,1,0,29,2781
QLD,2020-03-16,10,42,95,1063,55,289,1,0,30,2414
QLD,2020-03-17,17,61,98,1161,72,350,1,0,31,2504
QLD,2020-03-18,12,67,105,1266,84,417,1,0,32,2677
QLD,2020-03-19,8,87,80,1346,92,504,1,0,33,2034
QLD,2020-03-20,12,71,64,1410,104,575,1,0,34,1625
QLD,2020-03-21,10,70,65,1475,114,645,1,0,35,1646
QLD,2020-03-22,15,65,66,1541,129,710,2,1,36,1686
QLD,2020-03-23,20,70,69,1610,149,780,2,0,37,1752
QLD,2020-03-24,10,52,83,1693,159,832,2,0,38,2119
QLD,2020-03-25,10,37,96,1789,169,869,2,0,39,2453
QLD,2020-03-26,4,24,89,1878,173,893,3,1,40,2278
QLD,2020-03-27,11,31,79,1957,184,924,3,0,41,2023
QLD,2020-03-28,11,31,81,2038,195,955,3,0,42,2055
QLD,2020-03-29,6,18,73,2111,201,973,3,0,43,1861
QLD,2020-03-30,4,14,66,2177,205,987,4,1,44,1688
QLD,2020-03-31,5,14,67,2244,210,1001,4,0,45,1697
QLD,2020-04-01,3,10,71,2315,213,1011,4,0,46,1818
QLD,2020-04-02,4,12,58,2373,217,1023,5,1,47,1491
QLD,2020-04-03,1,2,47,2420,218,1025,5,0,48,1197
QLD,2020-04-04,5,7,46,2466,223,1032,5,0,49,1179
QLD,2020-04-05,1,4,57,2523,224,1036,5,0,50,1448
QLD,2020-04-06,1,1,68,2591,225,1037,5,0,51,1723
QLD,2020-04-07,0,1,82,2673,225,1038,5,0,52,2099
QLD,2020-04-08,1,4,85,2758,226,1042,5,0,53,2156
QLD,2020-04-09,4,7,79,2837,230,1049,5,0,54,2020
QLD,2020-04-10,1,1,63,2900,231,1050,5,0,55,1609
QLD,2020-04-11,2,2,47,2947,233,1052,5,0,56,1210
QLD,2020-04-12,0,0,47,2994,233,1052,5,0,57,1208
QLD,2020-04-13,0,3,60,3054,233,1055,5,0,58,1539
QLD,2020-04-14,1,2,73,3127,234,1057,5,0,59,1866
QLD,2020-04-15,2,2,91,3218,236,1059,5,0,60,2325
QLD,2020-04-16,0,0,95,3313,236,1059,5,0,61,2434
QLD,2020-04-17,1,1,83,3396,237,1060,5,0,62,2109
QLD,2020-04-18,0,0,84,3480,237,1060,5,0,63,2151
QLD,2020-04-19,0,0,82,3562,237,1060,5,0,64,2086
QLD,2020-04-20,1,1,78,3640,238,1061,5,0,65,1977
QLD,2020-04-21,0,0,83,3723,238,1061,5,0,66,2105
QLD,2020-04-22,0,0,91,3814,238,1061,5,0,67,2313
QLD,2020-04-23,0,1,78,3892,238,1062,5,0,68,2001
QLD,2020-04-24,0,0,69,3961,238,1062,5,0,69,1751
QLD,2020-04-25,0,0,75,4036,238,1062,5,0,70,1903
QLD,2020-04-26,0,1,84,4120,238,1063,5,0,71,2141
QLD,2020-04-27,0,0,92,4212,238,1063,5,0,72,2335
QLD,2020-04-28,0,1,105,4317,238,1064,5,0,73,2680
QLD,2020-04-29,1,1,117,4434,239,1065,5,0,74,2977
QLD,2020-04-30,0,1,101,4535,239,1066,5,0,75,2580
QLD,2020-05-01,0,0,84,4619,239,1066,5,0,76,2148
QLD,2020-05-02,1,3,72,4691,240,1069,5,0,77,1836
QLD,2020-05-03,0,0,90,4781,240,1069,5,0,78,2294
QLD,2020-05-04,0,0,106,4887,240,1069,5,0,79,2711
QLD,2020-05-05,0,1,126,5013,240,1070,5,0,80,3216
QLD,2020-05-06,0,0,144,5157,240,1070,5,0,81,3660
QLD,2020-05-07,0,0,143,5300,240,1070,5,0,82,3645
QLD,2020-05-08,0,0,109,5409,240,1070,5,0,83,2787
QLD,2020-05-09,0,0,102,5511,240,1070,5,0,84,2613
QLD,2020-05-10,0,0,99,5610,240,1070,5,0,85,2522
QLD,2020-05-11,0,0,101,5711,240,1070,5,0,86,2581
QLD,2020-05-12,0,0,115,5826,240,1070,5,0,87,2932
QLD,2020-05-13,0,1,135,5961,240,1071,5,0,88,3446
QLD,2020-05-14,0,2,122,6083,240,1073,5,0,89,3108
QLD,2020-05-15,0,0,108,6191,240,1073,5,0,90,2751
